0	544	1
0	8	1
0	435	1
3	197	1
3	463	1
3	601	1
4	170	1
8	435	1
12	155	1
13	482	1
14	258	1
14	437	1
14	400	1
14	393	1
14	232	1
14	544	1
14	746	1
14	242	1
14	708	1
14	31	1
14	736	1
14	268	1
14	384	1
14	0	1
14	8	1
14	613	1
14	751	1
14	435	1
14	443	1
15	234	1
15	701	1
15	254	1
15	152	1
15	399	1
15	253	1
15	129	1
15	538	1
15	322	1
15	80	1
18	890	1
18	866	1
18	1932	1
18	127	1
19	571	1
20	267	1
22	2257	1
22	1790	1
25	1181	1
25	1897	1
25	778	1
25	20	1
25	456	1
26	1129	1
27	532	1
28	586	1
30	679	1
30	231	1
30	1148	1
30	285	1
30	2276	1
32	679	1
33	1701	1
35	34	1
36	1066	1
36	2072	1
36	1974	1
36	2390	1
36	1701	1
37	563	1
38	372	1
38	563	1
38	273	1
39	24	1
39	82	1
40	761	1
41	1733	1
41	889	1
41	94	1
41	1982	1
41	725	1
41	533	1
41	2456	1
41	1713	1
41	892	1
41	352	1
41	23	1
41	115	1
42	188	1
43	576	1
45	220	1
46	238	1
46	867	1
48	1783	1
48	2682	1
48	2456	1
52	2487	1
52	2580	1
55	1905	1
55	361	1
55	1832	1
55	844	1
57	306	1
58	1891	1
58	536	1
58	990	1
58	2495	1
59	1709	1
59	570	1
59	872	1
59	874	1
60	252	1
60	688	1
62	324	1
62	332	1
62	2425	1
62	945	1
62	2474	1
62	2566	1
62	423	1
63	739	1
63	1546	1
63	210	1
63	153	1
64	284	1
66	2359	1
66	1248	1
66	2294	1
66	69	1
66	215	1
66	2310	1
66	1531	1
66	2441	1
66	2122	1
66	183	1
66	34	1
66	1698	1
66	149	1
66	2520	1
66	288	1
66	2157	1
68	1979	1
68	979	1
68	1845	1
68	1632	1
68	2007	1
68	522	1
68	1825	1
70	1521	1
70	1692	1
70	255	1
70	931	1
70	999	1
70	1986	1
71	929	1
71	677	1
71	2442	1
71	1559	1
71	1923	1
71	661	1
71	1641	1
72	771	1
72	202	1
74	906	1
74	1024	1
74	1017	1
74	1103	1
74	871	1
74	949	1
74	1220	1
74	1634	1
74	680	1
74	604	1
74	2513	1
74	2266	1
74	154	1
74	975	1
74	2654	1
74	2284	1
74	2335	1
74	505	1
74	511	1
74	987	1
74	2013	1
74	252	1
74	345	1
74	1676	1
74	622	1
74	547	1
74	881	1
74	787	1
74	2390	1
74	1928	1
74	263	1
74	71	1
74	661	1
74	2124	1
74	310	1
74	377	1
74	19	1
74	867	1
75	2122	1
75	2299	1
75	1854	1
75	1855	1
75	288	1
76	869	1
76	1128	1
76	131	1
76	975	1
76	694	1
76	1934	1
76	345	1
76	181	1
76	2532	1
76	250	1
76	2390	1
76	661	1
76	2327	1
76	1548	1
76	392	1
76	518	1
77	337	1
78	2681	1
78	469	1
81	647	1
82	548	1
82	1440	1
82	305	1
82	239	1
82	410	1
82	1553	1
82	295	1
84	12	1
84	715	1
84	998	1
84	155	1
84	347	1
84	1240	1
84	27	1
84	950	1
84	1803	1
84	1347	1
84	1550	1
85	425	1
85	2368	1
86	652	1
86	249	1
86	373	1
87	383	1
87	47	1
87	2245	1
88	762	1
88	587	1
88	116	1
88	225	1
88	760	1
88	44	1
88	682	1
88	208	1
88	371	1
90	680	1
92	2438	1
99	1852	1
99	1803	1
99	2578	1
99	1613	1
99	2592	1
99	1619	1
99	1722	1
99	2679	1
99	1255	1
100	1611	1
100	265	1
100	758	1
101	2680	1
101	2686	1
102	404	1
102	2012	1
102	1824	1
102	1893	1
102	1895	1
102	2333	1
102	1964	1
102	2583	1
107	898	1
107	250	1
107	498	1
107	108	1
107	1937	1
108	898	1
108	498	1
108	304	1
109	635	1
109	640	1
109	535	1
109	1296	1
109	1888	1
109	1074	1
109	459	1
109	672	1
109	884	1
109	2315	1
109	778	1
109	1661	1
109	171	1
109	955	1
109	507	1
109	488	1
109	967	1
109	2053	1
109	2054	1
114	171	1
115	2421	1
120	1959	1
121	1990	1
121	1825	1
121	731	1
122	1093	1
122	124	1
122	127	1
122	2400	1
123	553	1
124	2400	1
125	394	1
125	1857	1
126	94	1
126	2208	1
127	124	1
127	2228	1
127	2400	1
128	103	1
129	2363	1
129	2446	1
129	1973	1
129	1409	1
129	188	1
129	2220	1
129	2165	1
129	2451	1
129	538	1
129	22	1
129	2193	1
129	1204	1
132	346	1
133	394	1
134	1782	1
134	505	1
136	2399	1
136	2487	1
136	2580	1
136	1370	1
136	2172	1
136	1479	1
136	2543	1
136	1776	1
136	244	1
136	92	1
136	1413	1
136	159	1
136	1102	1
136	2231	1
136	2635	1
137	748	1
137	138	1
137	416	1
138	748	1
138	137	1
138	892	1
138	416	1
138	115	1
140	323	1
142	823	1
142	1318	1
142	1547	1
142	520	1
142	1283	1
142	230	1
142	227	1
142	391	1
143	180	1
143	337	1
143	346	1
143	363	1
144	188	1
144	444	1
144	2102	1
145	2521	1
145	2286	1
145	390	1
145	1224	1
145	1218	1
145	2248	1
145	2251	1
145	2280	1
145	2296	1
145	1530	1
146	17	1
150	50	1
150	643	1
152	1383	1
155	117	1
155	513	1
157	1017	1
157	2230	1
157	1375	1
157	1637	1
157	1075	1
157	393	1
157	2680	1
157	897	1
157	716	1
157	1289	1
157	2019	1
157	2540	1
157	979	1
157	1038	1
157	214	1
157	766	1
157	2021	1
157	1718	1
157	560	1
157	181	1
157	740	1
157	78	1
157	2095	1
157	916	1
157	1452	1
157	371	1
157	1550	1
157	1340	1
157	2417	1
158	184	1
158	598	1
158	433	1
158	707	1
159	2172	1
159	2066	1
159	2543	1
159	2674	1
160	2681	1
160	469	1
160	2540	1
160	125	1
160	1857	1
160	322	1
161	713	1
161	95	1
161	996	1
161	2311	1
161	1147	1
161	684	1
162	173	1
162	775	1
163	402	1
163	659	1
163	1696	1
163	2295	1
163	1274	1
163	1286	1
163	1544	1
163	2600	1
163	2363	1
163	1905	1
163	1611	1
163	141	1
163	1807	1
163	1110	1
163	174	1
163	2521	1
163	1792	1
163	1675	1
163	1334	1
163	813	1
163	1799	1
163	1943	1
163	2077	1
163	765	1
163	769	1
163	781	1
163	940	1
163	942	1
163	1590	1
163	1734	1
163	1872	1
163	2286	1
163	390	1
163	1717	1
163	1030	1
163	2274	1
163	2518	1
163	606	1
163	800	1
163	1575	1
163	546	1
163	1070	1
163	309	1
163	935	1
163	1205	1
163	1571	1
163	1971	1
163	1127	1
163	530	1
163	856	1
163	2604	1
163	910	1
163	2173	1
163	191	1
163	1253	1
163	1728	1
163	1729	1
163	1206	1
163	2177	1
163	1136	1
163	1457	1
163	2265	1
163	1225	1
163	2563	1
163	1689	1
163	1498	1
163	563	1
163	2396	1
163	717	1
163	1890	1
163	188	1
163	982	1
163	1130	1
163	55	1
163	346	1
163	2673	1
163	1379	1
163	1380	1
163	1207	1
163	2451	1
163	961	1
163	42	1
163	624	1
163	1573	1
163	2232	1
163	145	1
163	2361	1
163	2659	1
163	743	1
163	744	1
163	1139	1
163	1572	1
163	1303	1
163	1305	1
163	129	1
163	415	1
163	2204	1
163	1224	1
163	219	1
163	2667	1
163	727	1
163	448	1
163	237	1
163	2557	1
163	2200	1
163	22	1
163	1218	1
163	2202	1
163	1069	1
163	1178	1
163	2175	1
163	966	1
163	1219	1
163	757	1
163	1685	1
163	1691	1
163	1850	1
163	1159	1
163	1410	1
163	380	1
163	1536	1
163	1650	1
163	1558	1
163	2564	1
163	2298	1
163	1362	1
163	1784	1
163	1831	1
163	1065	1
163	290	1
163	1277	1
163	395	1
163	1098	1
163	1404	1
163	1099	1
163	2196	1
163	2554	1
163	1715	1
163	2248	1
163	2251	1
163	2280	1
163	2296	1
163	1113	1
163	714	1
163	2638	1
163	602	1
163	1530	1
163	1257	1
163	2259	1
163	689	1
163	1060	1
163	2039	1
163	1594	1
163	2116	1
163	1775	1
163	422	1
163	2316	1
163	266	1
163	658	1
163	1333	1
163	1153	1
163	1515	1
163	1114	1
163	523	1
163	1106	1
163	1467	1
164	517	1
165	432	1
166	457	1
166	1125	1
167	559	1
168	475	1
168	1756	1
168	2604	1
169	212	1
173	1378	1
173	575	1
173	2485	1
177	885	1
177	1489	1
177	1959	1
181	518	1
185	389	1
188	141	1
188	721	1
188	755	1
188	717	1
188	42	1
188	163	1
188	415	1
188	757	1
188	380	1
188	139	1
188	120	1
188	262	1
188	523	1
189	2664	1
189	188	1
189	42	1
189	163	1
189	395	1
189	2102	1
191	448	1
191	22	1
191	395	1
192	10	1
192	705	1
192	510	1
192	193	1
192	280	1
192	420	1
192	519	1
192	439	1
193	10	1
193	238	1
193	2549	1
193	74	1
193	280	1
193	420	1
193	519	1
194	673	1
195	707	1
196	216	1
196	195	1
196	707	1
200	1891	1
200	536	1
201	143	1
201	427	1
202	771	1
202	204	1
204	1811	1
204	597	1
204	2410	1
204	2650	1
204	202	1
204	741	1
204	274	1
205	600	1
206	1891	1
206	536	1
206	1042	1
207	688	1
207	1676	1
207	1536	1
208	2343	1
208	1270	1
209	2704	1
210	644	1
210	148	1
214	469	1
214	587	1
214	78	1
217	2355	1
217	685	1
219	402	1
219	1325	1
219	1738	1
219	38	1
219	2563	1
219	1689	1
219	563	1
219	846	1
219	757	1
219	1404	1
219	712	1
227	823	1
227	1318	1
227	1547	1
227	2319	1
227	296	1
228	2465	1
228	2617	1
228	1692	1
228	259	1
228	900	1
228	119	1
228	323	1
228	52	1
230	520	1
230	1284	1
230	406	1
230	391	1
236	1617	1
236	156	1
237	329	1
237	1060	1
238	301	1
238	46	1
240	2308	1
240	61	1
243	357	1
243	53	1
245	172	1
246	560	1
247	2257	1
247	500	1
247	2446	1
247	1973	1
247	563	1
247	982	1
247	1261	1
247	1117	1
248	419	1
248	105	1
249	652	1
250	170	1
250	694	1
250	708	1
250	31	1
250	736	1
250	639	1
250	498	1
250	499	1
250	584	1
250	304	1
250	107	1
250	108	1
250	33	1
251	2560	1
251	6	1
251	932	1
251	1877	1
251	482	1
251	88	1
251	1505	1
253	2670	1
253	1815	1
256	2369	1
256	928	1
256	430	1
256	2225	1
256	634	1
256	983	1
257	480	1
257	36	1
258	7	1
258	400	1
258	544	1
258	1031	1
258	268	1
258	0	1
258	8	1
258	14	1
258	1111	1
258	751	1
258	435	1
260	619	1
260	2524	1
260	2166	1
260	419	1
260	2069	1
261	626	1
262	266	1
265	758	1
267	20	1
268	232	1
268	2571	1
268	2046	1
268	616	1
269	24	1
270	276	1
271	718	1
272	516	1
272	914	1
273	372	1
275	464	1
276	2546	1
276	1993	1
279	464	1
280	10	1
281	460	1
283	2093	1
284	64	1
285	231	1
285	1148	1
286	2195	1
286	178	1
286	1963	1
288	2157	1
289	2568	1
289	1498	1
289	1278	1
289	64	1
291	487	1
292	904	1
294	83	1
294	1353	1
294	21	1
294	502	1
294	1438	1
294	665	1
294	103	1
294	186	1
294	173	1
294	638	1
294	554	1
294	191	1
294	1672	1
294	807	1
294	252	1
294	699	1
294	85	1
294	633	1
294	636	1
294	2476	1
294	2430	1
294	465	1
294	466	1
294	477	1
294	483	1
294	564	1
294	565	1
294	566	1
294	588	1
294	128	1
294	153	1
294	277	1
295	1782	1
295	197	1
295	2078	1
295	1012	1
295	1316	1
295	220	1
295	210	1
299	746	1
299	2083	1
299	596	1
299	1827	1
299	2110	1
301	46	1
302	598	1
302	428	1
306	1376	1
307	598	1
308	9	1
308	2028	1
308	1456	1
310	2513	1
314	1073	1
314	1596	1
314	1726	1
314	156	1
314	1244	1
314	1684	1
318	445	1
318	2310	1
318	991	1
318	2333	1
318	686	1
318	2427	1
318	1173	1
319	29	1
319	1273	1
320	259	1
322	1027	1
324	326	1
324	278	1
324	389	1
324	185	1
325	1201	1
325	211	1
326	324	1
326	278	1
327	324	1
327	326	1
327	945	1
327	1899	1
327	1532	1
331	179	1
331	101	1
331	774	1
332	324	1
332	389	1
332	185	1
332	1064	1
333	463	1
334	267	1
334	20	1
339	1549	1
339	270	1
339	1602	1
339	495	1
340	529	1
340	341	1
340	709	1
341	529	1
341	709	1
342	1945	1
342	2546	1
342	270	1
342	276	1
342	1993	1
342	467	1
342	339	1
342	776	1
342	495	1
342	729	1
343	1274	1
343	1571	1
343	530	1
343	1303	1
343	1098	1
343	1577	1
344	1622	1
344	1	1
344	2617	1
344	2609	1
344	1671	1
344	335	1
344	1881	1
344	2339	1
344	2441	1
344	2229	1
344	963	1
344	316	1
344	1442	1
344	1445	1
344	2589	1
344	1312	1
344	1627	1
344	2032	1
344	2171	1
344	1267	1
344	1275	1
344	2290	1
344	2291	1
344	1260	1
344	348	1
344	1244	1
344	675	1
344	521	1
344	2426	1
344	1007	1
345	117	1
345	2389	1
345	2266	1
345	1924	1
345	261	1
346	337	1
346	363	1
347	713	1
347	998	1
347	999	1
347	452	1
347	84	1
348	1596	1
348	1244	1
350	180	1
350	111	1
350	730	1
350	201	1
350	770	1
350	664	1
350	427	1
350	351	1
351	730	1
354	330	1
354	839	1
354	1072	1
355	1093	1
355	1094	1
355	2068	1
356	190	1
356	510	1
358	95	1
358	1255	1
359	203	1
359	2376	1
359	1787	1
359	2567	1
359	2505	1
359	1871	1
359	330	1
359	1320	1
359	2422	1
359	2498	1
359	2499	1
359	2322	1
359	808	1
359	1342	1
359	1068	1
360	151	1
363	337	1
364	590	1
364	366	1
365	590	1
365	2572	1
365	364	1
366	590	1
367	440	1
371	2507	1
375	1576	1
375	836	1
378	960	1
378	335	1
378	2012	1
378	2195	1
378	2042	1
378	1238	1
378	218	1
378	178	1
378	286	1
378	585	1
378	1644	1
378	1290	1
378	1207	1
378	227	1
378	692	1
378	1275	1
378	2290	1
378	2291	1
378	1963	1
378	396	1
378	2447	1
378	2583	1
378	1027	1
378	1061	1
378	1678	1
379	756	1
379	176	1
380	1737	1
380	1784	1
380	2641	1
380	2196	1
380	1473	1
380	1474	1
380	1257	1
380	934	1
382	29	1
382	2132	1
382	1837	1
387	293	1
388	2590	1
389	185	1
389	1937	1
392	154	1
398	419	1
398	248	1
398	776	1
399	1250	1
399	1251	1
402	403	1
402	681	1
403	2104	1
405	753	1
406	311	1
407	512	1
407	2439	1
407	1763	1
407	1298	1
407	1875	1
409	2582	1
409	753	1
409	1606	1
409	1298	1
410	2	1
410	305	1
410	298	1
411	1891	1
411	512	1
411	2594	1
411	1470	1
411	536	1
411	2582	1
411	1600	1
411	2232	1
412	688	1
414	1877	1
414	908	1
414	1442	1
414	1445	1
414	440	1
415	995	1
415	789	1
415	2664	1
415	2103	1
415	1737	1
415	1832	1
415	1836	1
415	209	1
415	1790	1
415	2353	1
415	712	1
416	138	1
417	317	1
417	508	1
418	135	1
418	1312	1
418	1269	1
419	1747	1
419	260	1
420	10	1
420	2214	1
420	192	1
420	2590	1
420	519	1
420	439	1
421	255	1
422	1691	1
423	2425	1
423	1934	1
423	557	1
423	62	1
426	29	1
426	335	1
426	2369	1
426	1576	1
426	836	1
426	1187	1
426	2126	1
426	1486	1
426	937	1
426	303	1
426	1275	1
426	1061	1
426	1528	1
426	318	1
426	2431	1
427	2044	1
427	2295	1
427	1274	1
427	1766	1
427	1914	1
427	2255	1
427	1103	1
427	1811	1
427	2383	1
427	493	1
427	2453	1
427	1760	1
427	665	1
427	2574	1
427	2388	1
427	1399	1
427	1405	1
427	494	1
427	610	1
427	587	1
427	2258	1
427	823	1
427	1318	1
427	526	1
427	1547	1
427	2412	1
427	1037	1
427	146	1
427	2306	1
427	312	1
427	202	1
427	1283	1
427	1284	1
427	230	1
427	2658	1
427	399	1
427	698	1
427	406	1
427	1975	1
427	250	1
427	584	1
427	304	1
427	2448	1
427	2683	1
427	1488	1
427	18	1
427	954	1
427	2437	1
427	916	1
427	1999	1
427	674	1
427	946	1
427	1577	1
427	658	1
427	205	1
427	696	1
427	461	1
427	1340	1
427	561	1
427	353	1
427	391	1
428	184	1
428	598	1
428	433	1
428	302	1
429	1514	1
429	29	1
430	2487	1
430	1617	1
430	2593	1
430	1637	1
430	683	1
430	2033	1
430	1165	1
430	1792	1
430	2197	1
430	2137	1
430	223	1
430	1020	1
430	524	1
430	1698	1
430	381	1
430	1284	1
430	651	1
430	1207	1
430	2343	1
430	547	1
430	1568	1
430	632	1
430	2557	1
430	208	1
430	686	1
430	172	1
430	177	1
430	89	1
430	1270	1
430	119	1
430	52	1
430	236	1
431	2137	1
431	156	1
432	184	1
432	598	1
432	428	1
432	433	1
432	302	1
433	184	1
438	79	1
438	550	1
438	96	1
438	21	1
438	607	1
438	227	1
438	296	1
438	616	1
438	710	1
438	692	1
438	720	1
438	391	1
439	97	1
439	388	1
441	297	1
442	401	1
444	753	1
447	630	1
447	1501	1
447	1471	1
452	117	1
453	2156	1
453	9	1
453	706	1
453	1712	1
453	2059	1
453	2354	1
453	2455	1
453	1566	1
453	1358	1
453	1661	1
453	2092	1
453	2098	1
453	2099	1
453	1449	1
453	514	1
453	2618	1
453	1269	1
453	876	1
453	1025	1
453	2034	1
454	1368	1
454	183	1
454	541	1
455	374	1
456	1296	1
456	2455	1
456	2653	1
456	2099	1
456	1748	1
459	267	1
459	1705	1
459	130	1
460	148	1
462	187	1
462	2582	1
464	467	1
464	573	1
465	118	1
465	2027	1
465	103	1
465	2672	1
465	85	1
465	2368	1
465	466	1
465	565	1
465	566	1
466	16	1
467	2000	1
467	270	1
467	276	1
467	495	1
467	729	1
468	896	1
468	182	1
468	2377	1
468	491	1
471	2	1
471	1045	1
471	103	1
471	1632	1
471	1859	1
471	295	1
476	605	1
476	1091	1
476	1056	1
477	1645	1
477	1766	1
477	463	1
477	229	1
477	2409	1
477	2658	1
477	427	1
477	333	1
478	96	1
478	215	1
478	618	1
478	218	1
478	520	1
478	497	1
478	227	1
478	470	1
478	303	1
478	754	1
478	396	1
478	568	1
478	52	1
478	274	1
479	649	1
479	478	1
479	147	1
479	418	1
479	1354	1
479	1627	1
479	2636	1
479	92	1
479	2300	1
479	136	1
479	449	1
481	9	1
483	463	1
483	933	1
483	749	1
483	367	1
483	650	1
483	277	1
485	2514	1
485	711	1
485	2380	1
485	1838	1
485	2561	1
486	1597	1
486	231	1
486	1278	1
486	64	1
486	284	1
486	1148	1
486	285	1
486	2276	1
488	2053	1
489	2670	1
489	238	1
489	301	1
489	1815	1
489	46	1
490	6	1
490	220	1
490	5	1
490	492	1
490	734	1
490	45	1
490	213	1
491	182	1
491	2377	1
492	2323	1
492	1186	1
492	734	1
492	45	1
492	213	1
495	270	1
495	467	1
496	2393	1
496	501	1
496	1896	1
501	174	1
503	1813	1
503	174	1
503	1952	1
503	501	1
503	2396	1
503	1851	1
503	2029	1
504	702	1
507	1888	1
507	2548	1
507	2391	1
508	317	1
509	669	1
509	314	1
513	117	1
513	452	1
514	506	1
515	637	1
518	2532	1
519	2608	1
519	10	1
519	190	1
519	705	1
519	510	1
519	2223	1
519	2549	1
519	2590	1
519	280	1
520	524	1
521	156	1
521	2312	1
522	525	1
523	478	1
523	870	1
523	2442	1
523	2600	1
523	1616	1
523	2551	1
523	910	1
523	882	1
523	283	1
523	1214	1
523	1687	1
523	1931	1
523	2408	1
523	961	1
523	54	1
523	2642	1
523	1676	1
523	508	1
523	540	1
523	415	1
523	1790	1
523	465	1
523	565	1
523	2480	1
523	551	1
523	1921	1
523	277	1
524	1454	1
524	1169	1
527	2606	1
531	1490	1
533	777	1
534	313	1
537	357	1
537	606	1
537	1204	1
538	402	1
538	2309	1
538	487	1
538	1738	1
538	1689	1
538	2165	1
538	2193	1
538	1204	1
538	1036	1
539	1665	1
539	1210	1
539	1209	1
539	183	1
539	1453	1
539	454	1
539	541	1
540	543	1
540	603	1
540	1121	1
540	1640	1
541	183	1
542	779	1
549	287	1
549	453	1
549	591	1
549	507	1
549	456	1
549	574	1
549	488	1
551	482	1
551	2215	1
551	2473	1
552	548	1
552	374	1
552	451	1
552	472	1
552	2	1
552	305	1
552	239	1
552	446	1
552	644	1
552	220	1
552	311	1
552	653	1
552	16	1
552	173	1
552	554	1
552	559	1
552	412	1
552	723	1
552	85	1
552	688	1
552	621	1
552	636	1
552	738	1
552	749	1
552	57	1
552	60	1
552	210	1
552	671	1
552	167	1
552	92	1
552	691	1
552	367	1
552	466	1
552	473	1
552	483	1
552	575	1
552	455	1
552	298	1
552	601	1
552	370	1
552	306	1
552	277	1
554	446	1
554	1859	1
554	167	1
554	306	1
555	615	1
555	400	1
555	556	1
555	2354	1
557	423	1
558	2660	1
558	376	1
558	1934	1
558	2463	1
558	557	1
558	1137	1
558	1816	1
558	905	1
558	1641	1
558	1532	1
558	423	1
558	1555	1
558	2034	1
559	34	1
559	1816	1
559	167	1
560	1375	1
560	2287	1
560	78	1
560	955	1
560	938	1
562	1401	1
562	2014	1
562	2018	1
562	252	1
562	440	1
562	1889	1
562	60	1
562	671	1
562	370	1
562	1117	1
562	1183	1
563	500	1
564	463	1
565	478	1
565	548	1
565	1782	1
565	2	1
565	118	1
565	1440	1
565	2027	1
565	305	1
565	1401	1
565	1585	1
565	239	1
565	425	1
565	2442	1
565	1012	1
565	1376	1
565	1616	1
565	502	1
565	1316	1
565	644	1
565	1438	1
565	773	1
565	385	1
565	842	1
565	1957	1
565	1213	1
565	103	1
565	173	1
565	910	1
565	554	1
565	1741	1
565	882	1
565	2672	1
565	34	1
565	1546	1
565	283	1
565	492	1
565	85	1
565	2118	1
565	1859	1
565	82	1
565	1529	1
565	410	1
565	1727	1
565	1540	1
565	621	1
565	633	1
565	738	1
565	57	1
565	60	1
565	2472	1
565	2642	1
565	1676	1
565	244	1
565	1975	1
565	671	1
565	333	1
565	92	1
565	691	1
565	367	1
565	1790	1
565	465	1
565	466	1
565	1378	1
565	477	1
565	564	1
565	566	1
565	2480	1
565	575	1
565	2485	1
565	2628	1
565	2629	1
565	128	1
565	1373	1
565	295	1
565	601	1
565	306	1
566	1782	1
566	472	1
566	1544	1
566	733	1
566	16	1
566	186	1
566	1447	1
566	173	1
566	34	1
566	2221	1
566	699	1
566	688	1
566	2658	1
566	633	1
566	858	1
566	1816	1
566	671	1
566	333	1
566	466	1
566	477	1
566	483	1
566	2480	1
566	2485	1
566	588	1
566	1643	1
566	274	1
566	321	1
566	449	1
567	21	1
567	502	1
567	385	1
567	1828	1
567	970	1
567	277	1
569	1181	1
569	767	1
569	550	1
569	1273	1
569	1092	1
569	1712	1
569	255	1
569	1522	1
569	1986	1
569	1457	1
569	1430	1
569	2099	1
569	514	1
569	710	1
569	1269	1
569	1000	1
569	456	1
569	1025	1
570	212	1
570	2026	1
570	1258	1
570	1381	1
570	1200	1
570	1243	1
570	1246	1
570	1524	1
570	1709	1
570	169	1
570	1922	1
570	1814	1
570	872	1
570	59	1
570	874	1
570	1245	1
570	1067	1
571	2331	1
571	424	1
571	2495	1
571	1762	1
571	19	1
571	2694	1
572	112	1
573	270	1
573	464	1
574	1962	1
574	242	1
574	2360	1
574	2475	1
574	1827	1
574	1006	1
574	2040	1
575	882	1
575	1378	1
575	2485	1
576	605	1
576	863	1
576	212	1
576	293	1
576	2026	1
576	1258	1
576	1381	1
576	1526	1
576	1200	1
576	330	1
576	354	1
576	1524	1
576	1710	1
576	570	1
576	1922	1
576	726	1
576	1801	1
576	834	1
576	839	1
576	1814	1
576	1014	1
576	2552	1
576	1932	1
576	59	1
576	874	1
576	1245	1
576	355	1
576	1067	1
577	2660	1
577	1502	1
577	389	1
577	312	1
577	2492	1
577	250	1
577	1532	1
577	401	1
577	2034	1
578	1877	1
578	482	1
578	13	1
578	1122	1
578	1333	1
580	922	1
580	1212	1
581	222	1
581	49	1
581	50	1
581	580	1
582	818	1
582	259	1
582	1792	1
582	1498	1
583	2398	1
583	2568	1
583	50	1
583	1214	1
583	1278	1
583	1126	1
583	64	1
583	284	1
583	643	1
583	2371	1
585	335	1
585	911	1
585	1275	1
585	2290	1
585	2291	1
585	1061	1
588	186	1
588	699	1
589	282	1
589	592	1
591	2690	1
591	2155	1
591	287	1
591	1186	1
591	453	1
591	549	1
591	1358	1
591	2475	1
591	2182	1
591	848	1
591	199	1
591	488	1
591	1032	1
591	1105	1
592	1144	1
592	282	1
592	589	1
592	1509	1
593	300	1
593	594	1
595	233	1
595	121	1
597	434	1
597	106	1
597	224	1
607	1055	1
607	821	1
608	394	1
608	2230	1
608	680	1
608	975	1
608	179	1
608	133	1
608	611	1
611	899	1
611	2230	1
611	2501	1
611	1103	1
611	2340	1
611	2352	1
611	718	1
611	864	1
611	2505	1
611	1755	1
611	1763	1
611	2050	1
611	386	1
611	179	1
611	716	1
611	1732	1
611	511	1
611	2540	1
611	2676	1
611	2385	1
611	1668	1
611	28	1
611	633	1
611	1352	1
611	579	1
611	1493	1
611	133	1
611	1116	1
611	1564	1
611	368	1
611	1488	1
611	2378	1
611	938	1
611	1265	1
611	1935	1
611	1499	1
611	2260	1
611	1315	1
611	2325	1
611	601	1
611	413	1
612	2568	1
612	289	1
612	1046	1
613	232	1
613	2571	1
613	268	1
613	616	1
614	615	1
615	556	1
615	98	1
615	54	1
616	268	1
617	226	1
621	1859	1
621	471	1
622	345	1
622	377	1
623	637	1
623	2140	1
623	1937	1
623	1064	1
624	112	1
624	11	1
624	700	1
624	572	1
625	700	1
627	1057	1
627	338	1
627	1562	1
627	1679	1
627	1270	1
629	221	1
629	612	1
630	408	1
630	447	1
631	1057	1
631	383	1
631	1562	1
632	683	1
632	401	1
633	197	1
634	2593	1
634	1513	1
634	430	1
634	686	1
635	683	1
635	722	1
635	442	1
635	660	1
635	256	1
635	381	1
635	474	1
635	651	1
635	430	1
635	632	1
635	634	1
635	208	1
635	264	1
635	686	1
635	172	1
635	177	1
635	89	1
635	436	1
635	375	1
636	118	1
636	2027	1
636	2173	1
636	2672	1
636	2174	1
636	2204	1
636	2233	1
636	764	1
638	2465	1
638	2146	1
638	701	1
638	862	1
638	722	1
638	1808	1
638	1189	1
638	383	1
638	618	1
638	1460	1
638	1312	1
638	1468	1
638	1895	1
638	2673	1
638	2171	1
638	441	1
638	227	1
638	296	1
638	2541	1
638	2045	1
638	1327	1
638	264	1
638	779	1
638	348	1
638	89	1
638	1027	1
638	521	1
638	2426	1
638	375	1
638	1539	1
638	1919	1
638	449	1
639	1763	1
639	584	1
640	635	1
640	287	1
640	459	1
640	1363	1
640	549	1
640	1897	1
640	109	1
640	2475	1
640	20	1
640	732	1
640	591	1
640	574	1
640	130	1
640	199	1
640	2054	1
641	1739	1
641	376	1
641	484	1
642	484	1
642	697	1
643	1904	1
643	2489	1
643	222	1
643	49	1
643	50	1
645	51	1
645	312	1
645	742	1
645	211	1
646	450	1
649	2560	1
649	166	1
649	2294	1
649	96	1
649	2581	1
649	457	1
649	2403	1
649	2123	1
649	752	1
649	1643	1
650	472	1
650	1557	1
652	373	1
654	135	1
654	1260	1
655	198	1
656	773	1
656	657	1
656	148	1
656	650	1
658	1577	1
659	695	1
659	397	1
659	11	1
659	624	1
659	625	1
660	635	1
661	1191	1
662	181	1
662	518	1
663	496	1
663	2393	1
663	501	1
664	978	1
667	2270	1
667	480	1
667	2072	1
667	1974	1
667	2227	1
667	1356	1
667	1928	1
667	257	1
667	867	1
668	1508	1
668	604	1
668	975	1
668	2413	1
668	2414	1
668	263	1
668	2683	1
668	1315	1
668	2562	1
668	310	1
670	603	1
671	1599	1
672	2329	1
672	535	1
672	2004	1
672	1386	1
672	1343	1
672	2360	1
672	1363	1
672	549	1
672	2696	1
672	1460	1
672	1293	1
672	1003	1
672	1004	1
672	2653	1
672	591	1
672	456	1
672	924	1
672	574	1
672	130	1
675	2339	1
675	1442	1
675	1445	1
675	597	1
675	1429	1
676	605	1
676	1091	1
676	1056	1
676	1014	1
678	528	1
682	1791	1
682	2430	1
684	1425	1
684	525	1
686	683	1
686	1273	1
686	116	1
686	225	1
686	760	1
686	223	1
686	44	1
686	1698	1
686	381	1
686	430	1
686	2541	1
686	2557	1
686	119	1
687	1157	1
687	2381	1
687	626	1
687	110	1
687	1564	1
687	2683	1
687	1700	1
687	1704	1
688	1248	1
688	252	1
688	835	1
689	1826	1
689	1580	1
690	445	1
690	2457	1
691	1557	1
692	296	1
693	1501	1
693	648	1
693	1471	1
693	531	1
696	215	1
696	1672	1
696	579	1
698	360	1
698	474	1
698	1431	1
699	588	1
703	2233	1
704	376	1
709	529	1
709	341	1
712	681	1
712	2664	1
712	1965	1
712	54	1
712	1036	1
714	1035	1
714	1299	1
714	833	1
717	2502	1
717	1877	1
717	2568	1
717	1122	1
717	523	1
719	1133	1
719	609	1
719	520	1
719	1112	1
719	1838	1
719	2561	1
719	87	1
719	1666	1
719	611	1
725	93	1
725	48	1
726	1418	1
726	1068	1
727	1799	1
728	243	1
728	943	1
728	1127	1
728	1305	1
728	1466	1
729	1945	1
729	67	1
729	1993	1
729	467	1
730	770	1
730	1889	1
731	1450	1
731	330	1
731	576	1
731	1778	1
731	808	1
732	267	1
732	1897	1
732	20	1
734	213	1
735	216	1
735	1956	1
735	2527	1
735	307	1
735	195	1
735	86	1
735	2106	1
735	2649	1
738	1585	1
738	1376	1
738	1213	1
738	1741	1
738	1727	1
738	621	1
738	210	1
738	564	1
738	575	1
738	2628	1
738	2629	1
738	1183	1
740	929	1
740	164	1
740	418	1
740	560	1
740	1703	1
740	1559	1
740	1664	1
740	1667	1
740	1683	1
741	1157	1
741	687	1
743	2077	1
743	65	1
743	2316	1
744	2077	1
744	65	1
744	743	1
744	2316	1
745	600	1
745	458	1
745	1756	1
745	1763	1
745	666	1
745	1157	1
745	2162	1
745	386	1
745	687	1
745	771	1
745	110	1
745	2165	1
745	72	1
745	1564	1
745	18	1
745	477	1
745	2437	1
745	962	1
745	1932	1
745	1700	1
745	1704	1
745	36	1
745	2325	1
745	124	1
745	127	1
745	355	1
745	205	1
745	1886	1
745	2336	1
745	561	1
745	91	1
747	83	1
747	336	1
747	73	1
747	600	1
747	203	1
747	349	1
747	112	1
747	234	1
747	458	1
747	680	1
747	695	1
747	198	1
747	502	1
747	724	1
747	328	1
747	397	1
747	737	1
747	599	1
747	665	1
747	545	1
747	186	1
747	494	1
747	609	1
747	610	1
747	315	1
747	330	1
747	386	1
747	620	1
747	229	1
747	235	1
747	700	1
747	628	1
747	526	1
747	527	1
747	763	1
747	146	1
747	283	1
747	104	1
747	771	1
747	572	1
747	699	1
747	217	1
747	110	1
747	202	1
747	204	1
747	43	1
747	655	1
747	72	1
747	579	1
747	26	1
747	685	1
747	368	1
747	18	1
747	779	1
747	542	1
747	588	1
747	703	1
747	741	1
747	310	1
747	124	1
747	127	1
747	719	1
747	153	1
747	205	1
747	207	1
747	113	1
747	696	1
747	489	1
747	561	1
747	369	1
747	175	1
747	353	1
747	91	1
747	362	1
748	1933	1
748	138	1
749	197	1
750	244	1
751	544	1
751	8	1
751	435	1
752	1621	1
756	176	1
757	755	1
757	1965	1
758	265	1
759	93	1
759	95	1
759	161	1
759	99	1
759	292	1
759	23	1
761	535	1
761	9	1
761	40	1
763	241	1
763	2355	1
764	769	1
764	1581	1
764	636	1
764	2174	1
764	1311	1
766	979	1
766	181	1
766	2532	1
766	78	1
766	518	1
767	255	1
771	104	1
771	72	1
772	1502	1
772	768	1
772	51	1
772	2166	1
772	2167	1
772	312	1
772	742	1
772	1240	1
772	1241	1
772	2076	1
772	1147	1
778	56	1
779	542	1
779	684	1
782	1532	1
784	845	1
784	1613	1
784	1338	1
785	1513	1
786	791	1
787	1437	1
788	2425	1
788	945	1
788	2323	1
788	1414	1
788	1268	1
790	1510	1
791	1661	1
792	1095	1
793	1110	1
793	959	1
793	1334	1
793	1694	1
793	1330	1
793	1734	1
793	943	1
793	1070	1
793	1205	1
793	1127	1
793	856	1
793	1380	1
793	42	1
793	1139	1
793	163	1
793	1069	1
793	1691	1
793	1455	1
793	1715	1
793	1249	1
793	262	1
793	1333	1
793	1467	1
795	794	1
798	1433	1
798	1095	1
798	792	1
798	507	1
798	1105	1
801	313	1
801	1475	1
802	973	1
803	357	1
803	53	1
803	1563	1
803	1439	1
804	1585	1
804	1664	1
805	990	1
807	1438	1
808	863	1
808	1450	1
808	1320	1
808	1342	1
809	1190	1
809	1229	1
809	1639	1
809	297	1
809	1222	1
809	1044	1
809	908	1
809	1615	1
809	812	1
809	814	1
809	919	1
809	1080	1
809	1365	1
812	1044	1
812	1080	1
812	1365	1
814	1044	1
814	812	1
814	1365	1
817	818	1
817	819	1
818	817	1
818	819	1
820	829	1
820	1115	1
824	1215	1
824	1707	1
825	1215	1
825	1707	1
826	1273	1
826	1606	1
826	1457	1
826	1422	1
826	1237	1
828	1457	1
828	1422	1
832	1701	1
833	2001	1
833	1516	1
834	1814	1
835	1248	1
837	1686	1
838	1458	1
839	1526	1
839	1709	1
839	59	1
839	874	1
839	1067	1
843	1101	1
843	2658	1
843	568	1
843	575	1
846	781	1
846	2173	1
846	1533	1
846	2204	1
846	219	1
846	757	1
847	1402	1
847	1468	1
847	710	1
847	848	1
847	1032	1
848	1388	1
848	1739	1
848	1400	1
848	1468	1
848	1607	1
848	1223	1
848	847	1
848	1032	1
849	1720	1
857	2060	1
858	2035	1
858	991	1
858	281	1
860	1940	1
862	2364	1
862	1513	1
862	1407	1
862	1155	1
862	785	1
865	2560	1
865	932	1
865	795	1
865	251	1
865	1505	1
866	890	1
871	1591	1
873	920	1
875	933	1
875	554	1
875	775	1
875	370	1
875	1192	1
877	1651	1
878	1023	1
878	1472	1
879	700	1
879	979	1
880	815	1
880	1523	1
881	1119	1
881	2295	1
881	112	1
881	816	1
881	2702	1
881	572	1
881	2203	1
881	2405	1
881	1411	1
881	2454	1
882	1012	1
882	1616	1
882	1316	1
883	1665	1
883	1210	1
885	831	1
887	1531	1
887	983	1
888	1731	1
888	896	1
888	41	1
891	1437	1
892	889	1
894	1255	1
895	1436	1
898	1687	1
902	910	1
902	964	1
902	965	1
902	966	1
902	981	1
904	1733	1
904	889	1
904	892	1
904	352	1
904	1372	1
904	115	1
905	1397	1
909	827	1
910	1589	1
910	1673	1
910	1131	1
910	1432	1
910	1590	1
910	1140	1
910	1253	1
910	982	1
910	1573	1
910	1311	1
910	964	1
910	966	1
910	764	1
910	811	1
910	1221	1
910	981	1
910	1481	1
910	902	1
910	1117	1
911	177	1
912	1149	1
912	1150	1
913	827	1
913	909	1
914	272	1
916	2686	1
916	2373	1
916	2374	1
917	850	1
917	784	1
917	1338	1
919	908	1
922	1416	1
922	1233	1
922	923	1
923	1416	1
923	1233	1
924	1480	1
929	2442	1
930	1254	1
930	1062	1
930	805	1
934	1353	1
934	940	1
934	1009	1
934	1631	1
934	844	1
934	860	1
938	1127	1
938	2196	1
939	1242	1
941	1717	1
941	1441	1
946	1179	1
951	1401	1
952	1064	1
954	1461	1
954	1591	1
954	450	1
955	1280	1
961	1515	1
962	829	1
964	1673	1
964	1432	1
964	1140	1
964	965	1
964	966	1
964	1481	1
964	902	1
965	1673	1
965	1432	1
965	1590	1
965	1140	1
965	1253	1
965	966	1
965	981	1
965	177	1
965	1481	1
965	1060	1
966	1673	1
966	1131	1
966	1140	1
966	1481	1
967	56	1
967	1394	1
967	1400	1
967	957	1
967	1561	1
967	57	1
967	847	1
967	848	1
967	689	1
967	322	1
967	306	1
967	1032	1
969	954	1
970	1396	1
971	1602	1
972	953	1
974	844	1
974	970	1
976	905	1
978	1825	1
979	1825	1
980	1488	1
981	1140	1
983	1531	1
983	1302	1
983	928	1
983	1002	1
983	1735	1
985	2038	1
985	2066	1
985	159	1
985	1102	1
986	2484	1
986	862	1
986	1642	1
986	2616	1
986	2605	1
986	136	1
988	1515	1
989	1418	1
989	1068	1
990	1774	1
993	973	1
995	2139	1
995	956	1
995	1971	1
995	1985	1
995	1690	1
995	1230	1
995	1231	1
995	1232	1
995	1495	1
1000	931	1
1002	1735	1
1003	2146	1
1003	2028	1
1003	2483	1
1003	1343	1
1003	1364	1
1003	1469	1
1003	1897	1
1003	1004	1
1003	2182	1
1003	791	1
1003	786	1
1004	2146	1
1004	2483	1
1004	2350	1
1004	1343	1
1004	1364	1
1004	1469	1
1004	1003	1
1004	791	1
1004	786	1
1005	1313	1
1006	472	1
1006	242	1
1006	876	1
1006	2040	1
1006	1025	1
1006	650	1
1007	2217	1
1007	2426	1
1007	1919	1
1007	837	1
1008	1011	1
1008	1486	1
1010	1011	1
1010	877	1
1010	1651	1
1010	1182	1
1014	1091	1
1014	1056	1
1015	852	1
1015	996	1
1015	1338	1
1016	1110	1
1016	943	1
1016	1070	1
1016	1205	1
1016	856	1
1016	1729	1
1016	1305	1
1016	727	1
1016	1670	1
1016	728	1
1016	1466	1
1018	1142	1
1019	853	1
1019	906	1
1019	926	1
1019	862	1
1019	927	1
1019	1256	1
1019	1290	1
1020	2577	1
1023	1090	1
1025	1388	1
1025	1712	1
1025	1449	1
1025	876	1
1026	1433	1
1026	1105	1
1027	1388	1
1027	56	1
1028	1435	1
1028	1037	1
1028	206	1
1028	1042	1
1028	1610	1
1029	1090	1
1029	2456	1
1034	1730	1
1037	1470	1
1037	1042	1
1037	1610	1
1038	1196	1
1038	916	1
1042	1435	1
1043	1435	1
1043	1042	1
1046	1344	1
1047	1355	1
1047	1420	1
1047	603	1
1047	1344	1
1048	984	1
1050	1389	1
1050	1306	1
1050	1591	1
1050	1492	1
1050	1499	1
1050	1171	1
1052	600	1
1052	1066	1
1052	1051	1
1052	832	1
1053	853	1
1053	1024	1
1053	931	1
1053	1463	1
1053	1607	1
1053	1197	1
1053	1568	1
1058	2454	1
1058	1211	1
1059	1055	1
1060	1890	1
1060	2039	1
1061	1010	1
1061	1578	1
1061	1651	1
1061	1244	1
1062	1323	1
1062	2651	1
1063	1628	1
1063	1065	1
1064	1937	1
1065	1279	1
1067	1801	1
1067	834	1
1067	1814	1
1069	1096	1
1069	1685	1
1069	1455	1
1069	422	1
1072	839	1
1076	1078	1
1078	1076	1
1079	1103	1
1079	864	1
1079	975	1
1079	1009	1
1079	1724	1
1079	1718	1
1079	1315	1
1079	611	1
1080	814	1
1081	521	1
1082	1081	1
1082	2312	1
1082	521	1
1084	2035	1
1084	991	1
1084	858	1
1086	1545	1
1086	1582	1
1086	1641	1
1086	1076	1
1086	1078	1
1095	1456	1
1095	1433	1
1102	1370	1
1102	1479	1
1102	1413	1
1106	1305	1
1106	1065	1
1107	1617	1
1109	2151	1
1111	1101	1
1111	1412	1
1111	2292	1
1112	1403	1
1112	1073	1
1112	926	1
1112	2415	1
1112	1512	1
1112	101	1
1113	1380	1
1114	1696	1
1114	1588	1
1114	1261	1
1114	1603	1
1114	602	1
1114	1371	1
1114	1117	1
1116	708	1
1116	31	1
1116	736	1
1116	1593	1
1117	1588	1
1117	2332	1
1117	1225	1
1117	1261	1
1117	1603	1
1118	1540	1
1118	134	1
1119	2405	1
1120	1677	1
1120	2275	1
1121	806	1
1121	1138	1
1121	643	1
1121	1046	1
1121	1640	1
1122	799	1
1122	1194	1
1122	594	1
1123	539	1
1123	541	1
1123	1188	1
1123	1176	1
1123	75	1
1123	1483	1
1124	453	1
1124	1566	1
1124	1567	1
1125	817	1
1125	818	1
1125	857	1
1125	1483	1
1126	2489	1
1126	923	1
1126	580	1
1126	1497	1
1126	1212	1
1129	1190	1
1129	1222	1
1129	809	1
1129	814	1
1129	919	1
1129	1080	1
1130	959	1
1130	1334	1
1134	1264	1
1134	2281	1
1136	1286	1
1136	1030	1
1136	800	1
1136	1740	1
1136	1575	1
1136	935	1
1136	1063	1
1136	1142	1
1136	1018	1
1136	727	1
1136	1558	1
1136	1516	1
1136	1060	1
1136	1594	1
1136	1333	1
1138	1597	1
1138	1420	1
1138	806	1
1139	780	1
1139	1572	1
1139	1018	1
1139	1598	1
1140	2294	1
1140	1311	1
1140	811	1
1142	1018	1
1145	1323	1
1146	1676	1
1146	820	1
1148	1597	1
1148	1355	1
1149	1323	1
1149	1150	1
1150	1323	1
1151	1350	1
1153	1611	1
1153	1675	1
1153	942	1
1153	1070	1
1153	1205	1
1153	1127	1
1153	856	1
1153	1063	1
1153	1219	1
1153	1410	1
1153	1455	1
1153	1077	1
1153	1065	1
1153	1113	1
1153	1257	1
1153	1204	1
1154	819	1
1154	1531	1
1155	1407	1
1155	783	1
1155	785	1
1156	1013	1
1159	2564	1
1159	1485	1
1160	1166	1
1161	2324	1
1164	1584	1
1167	1330	1
1167	1331	1
1167	1332	1
1168	802	1
1169	1454	1
1170	517	1
1172	915	1
1172	623	1
1172	1141	1
1172	2341	1
1172	2108	1
1174	1033	1
1174	1074	1
1174	1135	1
1174	893	1
1174	303	1
1174	1297	1
1174	1102	1
1174	902	1
1174	414	1
1175	1325	1
1175	1628	1
1176	2272	1
1176	254	1
1177	1180	1
1177	1627	1
1177	1620	1
1178	995	1
1178	854	1
1178	956	1
1178	1476	1
1178	1736	1
1178	1737	1
1178	1688	1
1178	1690	1
1178	1230	1
1178	1231	1
1178	1232	1
1178	1362	1
1178	1034	1
1178	1099	1
1182	1073	1
1182	1726	1
1182	1684	1
1184	141	1
1184	781	1
1184	1362	1
1184	1784	1
1184	2199	1
1184	844	1
1184	120	1
1184	860	1
1185	1521	1
1185	1000	1
1191	692	1
1191	1053	1
1192	321	1
1193	1183	1
1194	594	1
1195	1323	1
1195	1630	1
1196	840	1
1198	1296	1
1198	859	1
1198	517	1
1198	418	1
1198	1170	1
1198	1683	1
1202	1183	1
1203	1119	1
1203	816	1
1203	1630	1
1203	881	1
1203	779	1
1203	542	1
1203	1411	1
1203	1195	1
1206	1544	1
1206	789	1
1207	900	1
1211	1247	1
1212	817	1
1212	818	1
1212	819	1
1212	1552	1
1214	1635	1
1215	1699	1
1215	818	1
1215	819	1
1215	1209	1
1215	580	1
1215	1707	1
1215	824	1
1215	825	1
1216	1035	1
1216	1571	1
1216	1299	1
1217	1349	1
1218	1035	1
1218	1571	1
1218	1299	1
1218	1424	1
1218	714	1
1218	1670	1
1218	833	1
1218	1516	1
1218	1530	1
1221	2703	1
1221	1797	1
1223	1607	1
1224	2673	1
1227	1236	1
1231	854	1
1231	956	1
1231	1985	1
1231	2086	1
1231	1230	1
1231	1232	1
1234	977	1
1234	1226	1
1234	1187	1
1234	1263	1
1234	13	1
1234	937	1
1234	1275	1
1234	790	1
1234	1510	1
1236	1227	1
1236	861	1
1236	296	1
1236	382	1
1236	1669	1
1237	1521	1
1238	1500	1
1238	1025	1
1238	1550	1
1240	912	1
1240	1201	1
1240	841	1
1240	897	1
1240	998	1
1240	999	1
1240	987	1
1240	1086	1
1240	742	1
1240	1141	1
1240	1241	1
1240	950	1
1240	84	1
1240	1347	1
1240	1147	1
1241	912	1
1241	998	1
1241	1141	1
1241	1240	1
1241	950	1
1241	84	1
1241	1347	1
1241	1147	1
1242	939	1
1244	1596	1
1245	1243	1
1249	1734	1
1249	1054	1
1249	1408	1
1250	399	1
1250	1251	1
1251	399	1
1252	1634	1
1252	907	1
1252	918	1
1252	820	1
1252	829	1
1252	830	1
1252	1485	1
1252	1115	1
1253	1131	1
1253	1311	1
1253	811	1
1254	1464	1
1254	1062	1
1254	930	1
1255	95	1
1256	881	1
1257	1872	1
1257	1719	1
1257	2175	1
1257	2087	1
1257	2259	1
1259	1944	1
1259	2213	1
1259	1081	1
1259	1082	1
1259	893	1
1259	92	1
1259	2312	1
1259	521	1
1259	136	1
1260	1104	1
1262	1104	1
1265	921	1
1265	1725	1
1266	1576	1
1266	836	1
1267	1335	1
1267	1500	1
1268	1898	1
1268	2140	1
1268	2323	1
1268	1186	1
1268	976	1
1268	1414	1
1268	788	1
1268	1757	1
1268	1842	1
1269	1312	1
1269	2618	1
1269	876	1
1269	1260	1
1270	236	1
1271	997	1
1271	236	1
1272	1604	1
1275	2617	1
1275	2290	1
1275	2291	1
1277	1476	1
1277	2277	1
1281	1604	1
1281	948	1
1281	1471	1
1281	1272	1
1281	1282	1
1281	1451	1
1282	1494	1
1282	1022	1
1282	948	1
1282	1471	1
1282	1272	1
1282	1446	1
1282	1281	1
1283	823	1
1283	1318	1
1283	1547	1
1283	1284	1
1283	230	1
1283	391	1
1284	1055	1
1284	1169	1
1285	770	1
1285	405	1
1285	1298	1
1285	1176	1
1285	1382	1
1285	968	1
1287	810	1
1287	945	1
1287	976	1
1287	1414	1
1287	1437	1
1287	1397	1
1287	787	1
1287	499	1
1287	905	1
1288	1502	1
1288	1128	1
1288	1091	1
1288	1414	1
1288	787	1
1288	499	1
1288	107	1
1288	108	1
1290	2080	1
1290	2329	1
1290	1712	1
1290	1226	1
1290	1238	1
1290	1918	1
1290	218	1
1290	2169	1
1290	1644	1
1290	1191	1
1290	1197	1
1290	893	1
1290	1025	1
1290	423	1
1290	429	1
1292	960	1
1292	1085	1
1292	1049	1
1292	1071	1
1293	2284	1
1294	915	1
1295	886	1
1298	407	1
1300	1320	1
1300	1342	1
1301	960	1
1301	2346	1
1301	1266	1
1303	1274	1
1303	2347	1
1305	1274	1
1305	1740	1
1305	1575	1
1305	1065	1
1305	1098	1
1306	607	1
1306	1499	1
1307	1657	1
1307	1057	1
1308	1504	1
1308	1507	1
1309	1186	1
1309	1132	1
1309	924	1
1310	1306	1
1310	1499	1
1312	1622	1
1312	1269	1
1312	1260	1
1313	1623	1
1313	1655	1
1315	2595	1
1319	1391	1
1321	1041	1
1321	1190	1
1321	297	1
1321	1222	1
1321	814	1
1321	1080	1
1322	1622	1
1322	1020	1
1322	2539	1
1322	1027	1
1322	323	1
1324	1543	1
1324	2076	1
1324	1747	1
1324	260	1
1326	2144	1
1326	2161	1
1326	2434	1
1326	1602	1
1326	971	1
1326	419	1
1326	1747	1
1326	248	1
1326	776	1
1326	105	1
1327	1165	1
1328	1423	1
1328	1584	1
1328	1101	1
1328	1031	1
1328	1513	1
1328	927	1
1328	1412	1
1328	1155	1
1328	1020	1
1328	1109	1
1328	1111	1
1328	1568	1
1328	947	1
1328	783	1
1328	785	1
1328	1173	1
1328	1107	1
1329	2127	1
1329	1049	1
1329	1071	1
1329	1986	1
1329	1020	1
1333	1514	1
1333	1369	1
1333	1225	1
1333	1207	1
1333	1224	1
1333	1708	1
1333	1467	1
1335	1024	1
1335	1478	1
1335	944	1
1335	1607	1
1335	1512	1
1335	1223	1
1335	885	1
1335	1270	1
1335	1032	1
1336	1478	1
1336	1027	1
1337	944	1
1337	1020	1
1337	1335	1
1337	2343	1
1337	2300	1
1338	855	1
1339	434	1
1339	2677	1
1339	1335	1
1339	1111	1
1339	1570	1
1339	2443	1
1340	1075	1
1341	1044	1
1341	812	1
1343	1364	1
1343	1456	1
1344	1138	1
1344	1121	1
1344	1047	1
1345	1344	1
1345	1046	1
1345	1047	1
1345	1640	1
1346	1272	1
1346	1281	1
1346	1451	1
1347	1147	1
1348	1047	1
1348	612	1
1351	900	1
1354	1695	1
1354	313	1
1354	1420	1
1354	1089	1
1354	1304	1
1354	1465	1
1354	1039	1
1354	1040	1
1354	1317	1
1354	806	1
1354	992	1
1354	994	1
1354	1001	1
1354	911	1
1354	1123	1
1354	1188	1
1354	1176	1
1354	75	1
1354	1426	1
1354	1674	1
1354	1680	1
1354	1047	1
1356	1430	1
1358	1661	1
1359	1057	1
1360	1095	1
1363	2168	1
1363	1343	1
1363	1364	1
1363	2475	1
1363	2653	1
1363	786	1
1364	1705	1
1364	1469	1
1365	1044	1
1365	812	1
1366	2513	1
1366	2413	1
1366	2414	1
1366	2239	1
1366	2562	1
1367	817	1
1368	991	1
1372	896	1
1372	352	1
1373	1366	1
1374	869	1
1377	313	1
1377	1642	1
1377	288	1
1378	1440	1
1378	239	1
1378	21	1
1378	559	1
1378	882	1
1378	82	1
1378	1540	1
1378	970	1
1379	1611	1
1380	1611	1
1380	1717	1
1382	1313	1
1383	1398	1
1384	1383	1
1385	1653	1
1387	1239	1
1389	1079	1
1389	821	1
1392	1299	1
1393	1502	1
1393	1128	1
1393	1097	1
1393	976	1
1393	1414	1
1393	1437	1
1393	1397	1
1393	905	1
1404	755	1
1404	1143	1
1407	783	1
1408	1921	1
1409	2600	1
1409	2703	1
1409	789	1
1409	958	1
1409	2220	1
1409	1797	1
1411	2203	1
1414	945	1
1419	525	1
1419	1550	1
1421	1417	1
1421	821	1
1422	550	1
1422	1657	1
1422	1273	1
1422	1223	1
1422	1237	1
1424	1799	1
1425	525	1
1425	684	1
1427	525	1
1427	1550	1
1428	1622	1
1428	2079	1
1428	2617	1
1428	2424	1
1428	2229	1
1428	1312	1
1428	2539	1
1428	2493	1
1429	1208	1
1431	1181	1
1431	1412	1
1431	861	1
1434	1208	1
1439	53	1
1439	803	1
1441	1638	1
1441	1717	1
1442	1135	1
1444	1442	1
1444	1135	1
1445	1442	1
1446	948	1
1451	1604	1
1451	1272	1
1452	1375	1
1452	1289	1
1452	560	1
1453	1152	1
1453	1210	1
1455	1694	1
1457	1237	1
1459	2078	1
1459	2221	1
1459	1687	1
1459	2404	1
1459	775	1
1459	1540	1
1459	633	1
1459	749	1
1459	57	1
1459	45	1
1459	1137	1
1459	210	1
1459	671	1
1459	167	1
1459	473	1
1459	566	1
1459	804	1
1460	924	1
1461	1357	1
1461	1593	1
1461	304	1
1461	1288	1
1462	1657	1
1462	1457	1
1463	931	1
1463	1399	1
1463	1405	1
1463	1406	1
1463	1361	1
1463	999	1
1464	1470	1
1464	1021	1
1464	200	1
1464	1100	1
1466	943	1
1466	1650	1
1467	1333	1
1469	1705	1
1469	1456	1
1471	1501	1
1473	1474	1
1473	1249	1
1474	1249	1
1475	1642	1
1477	1252	1
1483	857	1
1483	2052	1
1483	2060	1
1484	1521	1
1484	1057	1
1484	1692	1
1484	1220	1
1484	1092	1
1484	931	1
1484	822	1
1484	1522	1
1484	1430	1
1484	1482	1
1484	1197	1
1484	1500	1
1484	1237	1
1485	1252	1
1488	206	1
1488	1668	1
1489	837	1
1490	206	1
1490	1488	1
1491	1390	1
1491	851	1
1491	1605	1
1491	903	1
1493	774	1
1493	867	1
1495	1231	1
1496	1125	1
1497	901	1
1497	1163	1
1497	580	1
1497	1212	1
1498	2398	1
1498	1163	1
1498	2158	1
1498	1049	1
1498	1071	1
1498	1351	1
1498	2450	1
1498	1483	1
1503	1108	1
1503	1276	1
1503	1504	1
1503	1507	1
1503	1525	1
1503	1308	1
1504	1108	1
1504	1276	1
1504	1415	1
1504	1507	1
1504	1525	1
1504	1308	1
1505	2560	1
1505	932	1
1505	251	1
1506	1108	1
1506	1276	1
1506	1415	1
1506	1504	1
1506	1507	1
1506	1525	1
1506	1308	1
1507	1108	1
1509	1144	1
1509	589	1
1510	790	1
1511	1357	1
1512	1235	1
1512	1671	1
1512	949	1
1512	1087	1
1512	999	1
1512	1463	1
1512	1335	1
1512	1267	1
1512	1608	1
1515	936	1
1515	1447	1
1515	1711	1
1515	1581	1
1519	963	1
1519	1177	1
1520	1258	1
1520	1526	1
1520	1200	1
1520	920	1
1520	1246	1
1520	354	1
1520	1524	1
1520	1709	1
1520	570	1
1520	834	1
1520	839	1
1520	872	1
1520	873	1
1520	59	1
1520	874	1
1520	1245	1
1520	1211	1
1520	1072	1
1523	813	1
1523	815	1
1523	1136	1
1523	343	1
1523	880	1
1523	1060	1
1524	1381	1
1524	1526	1
1524	1243	1
1524	1245	1
1525	1276	1
1525	1415	1
1527	2420	1
1527	1543	1
1527	2524	1
1527	2525	1
1527	2221	1
1527	1086	1
1527	2166	1
1527	827	1
1527	2561	1
1527	1240	1
1527	909	1
1527	971	1
1527	2076	1
1527	419	1
1527	1747	1
1527	2088	1
1527	260	1
1527	211	1
1528	1487	1
1528	151	1
1529	1314	1
1529	882	1
1530	1424	1
1532	1480	1
1532	1487	1
1532	925	1
1533	900	1
1533	1730	1
1533	781	1
1533	1277	1
1533	970	1
1534	1597	1
1534	1163	1
1534	1556	1
1534	1498	1
1534	1278	1
1534	1122	1
1534	289	1
1534	1148	1
1535	1348	1
1535	629	1
1535	289	1
1536	1518	1
1536	2504	1
1537	1556	1
1537	1348	1
1537	629	1
1537	289	1
1537	1535	1
1539	924	1
1539	2091	1
1539	378	1
1539	136	1
1539	449	1
1540	1045	1
1540	842	1
1540	1443	1
1541	1395	1
1542	801	1
1546	1376	1
1548	1291	1
1548	1374	1
1550	1624	1
1550	1158	1
1550	1238	1
1550	1199	1
1550	1425	1
1550	1419	1
1550	1555	1
1550	684	1
1551	272	1
1551	914	1
1553	901	1
1553	1552	1
1554	901	1
1554	1401	1
1554	951	1
1554	1552	1
1554	1553	1
1555	1158	1
1558	2564	1
1559	929	1
1559	1791	1
1559	1664	1
1559	1683	1
1560	2198	1
1560	535	1
1560	791	1
1560	1161	1
1560	456	1
1562	1637	1
1562	355	1
1563	357	1
1563	53	1
1564	899	1
1565	899	1
1565	1088	1
1566	1567	1
1567	1566	1
1567	1358	1
1569	1073	1
1569	1609	1
1569	1721	1
1569	1726	1
1569	1008	1
1569	1010	1
1569	1011	1
1569	877	1
1569	1486	1
1569	430	1
1569	1587	1
1569	208	1
1569	1327	1
1569	1679	1
1569	1684	1
1569	1182	1
1570	1109	1
1570	1111	1
1570	634	1
1570	1164	1
1572	1598	1
1573	1673	1
1573	1432	1
1573	636	1
1573	2174	1
1573	764	1
1573	1481	1
1574	1017	1
1574	484	1
1578	1622	1
1578	1010	1
1578	877	1
1578	1651	1
1578	1182	1
1579	1103	1
1580	1577	1
1581	1447	1
1581	1711	1
1581	657	1
1582	2677	1
1582	1545	1
1582	632	1
1583	900	1
1583	2563	1
1583	2396	1
1586	1388	1
1591	1701	1
1591	33	1
1591	36	1
1592	1734	1
1592	1293	1
1592	405	1
1592	1298	1
1592	1176	1
1592	1161	1
1593	978	1
1593	1437	1
1593	1116	1
1593	1288	1
1595	1862	1
1595	1863	1
1595	1657	1
1595	1824	1
1595	1576	1
1595	836	1
1595	1301	1
1595	1776	1
1595	2346	1
1595	1964	1
1595	2675	1
1595	151	1
1598	780	1
1600	1293	1
1600	946	1
1601	1155	1
1601	224	1
1601	1428	1
1601	1429	1
1602	1549	1
1606	2381	1
1606	1293	1
1606	28	1
1607	1223	1
1608	949	1
1608	1220	1
1608	987	1
1608	2225	1
1608	431	1
1612	1517	1
1613	1614	1
1613	1162	1
1614	1613	1
1615	1229	1
1615	1639	1
1618	1220	1
1618	1112	1
1618	2343	1
1619	1613	1
1619	1614	1
1620	1180	1
1621	300	1
1621	1448	1
1621	1194	1
1621	594	1
1621	824	1
1625	1580	1
1626	1584	1
1626	1407	1
1626	1698	1
1626	1735	1
1626	1164	1
1629	796	1
1630	1150	1
1631	2330	1
1633	1471	1
1635	1706	1
1636	2074	1
1636	1073	1
1636	928	1
1636	983	1
1636	1684	1
1636	245	1
1640	1355	1
1640	603	1
1642	313	1
1642	1475	1
1643	773	1
1643	1189	1
1643	868	1
1644	986	1
1644	1862	1
1644	1863	1
1644	2484	1
1644	701	1
1644	2364	1
1644	822	1
1644	1732	1
1644	2409	1
1644	1256	1
1644	2614	1
1644	2616	1
1644	1328	1
1644	2423	1
1644	1964	1
1644	1601	1
1644	318	1
1644	322	1
1644	462	1
1645	797	1
1645	204	1
1646	943	1
1646	145	1
1647	2074	1
1647	1684	1
1648	1355	1
1649	1228	1
1649	1213	1
1649	1687	1
1649	868	1
1649	691	1
1649	1643	1
1649	148	1
1649	1557	1
1654	852	1
1654	855	1
1654	1338	1
1656	2357	1
1656	1822	1
1656	527	1
1656	1710	1
1656	731	1
1658	884	1
1659	1652	1
1659	1093	1
1659	1094	1
1660	1083	1
1660	952	1
1661	1469	1
1661	1358	1
1662	1036	1
1663	1756	1
1663	2504	1
1663	1266	1
1666	1133	1
1668	2535	1
1672	899	1
1672	807	1
1672	1352	1
1672	1564	1
1672	903	1
1674	1123	1
1674	1680	1
1678	861	1
1678	1339	1
1678	1570	1
1679	1726	1
1680	1123	1
1681	1682	1
1682	1681	1
1684	1726	1
1685	1069	1
1685	1455	1
1685	422	1
1687	1228	1
1687	870	1
1687	773	1
1687	1189	1
1687	1632	1
1687	54	1
1687	1137	1
1687	148	1
1687	1557	1
1688	1228	1
1689	1738	1
1689	38	1
1690	995	1
1693	1228	1
1696	1769	1
1696	1334	1
1696	1943	1
1696	1872	1
1696	1971	1
1696	2330	1
1696	2250	1
1696	2175	1
1696	1771	1
1697	929	1
1697	1599	1
1697	16	1
1697	1703	1
1697	1559	1
1697	1664	1
1697	1667	1
1697	1683	1
1697	804	1
1699	799	1
1700	1157	1
1701	33	1
1701	832	1
1702	1199	1
1702	1161	1
1703	1559	1
1704	1157	1
1706	799	1
1706	1385	1
1710	1450	1
1710	576	1
1713	889	1
1713	1870	1
1713	1978	1
1713	1982	1
1713	1991	1
1713	1992	1
1713	138	1
1713	41	1
1713	2153	1
1713	1716	1
1713	2002	1
1713	892	1
1713	468	1
1713	2510	1
1713	416	1
1713	115	1
1714	1458	1
1715	1734	1
1715	1386	1
1716	1982	1
1716	1991	1
1716	138	1
1716	41	1
1716	1713	1
1716	892	1
1718	810	1
1718	2582	1
1718	2413	1
1718	2414	1
1718	201	1
1718	28	1
1718	1867	1
1718	2138	1
1718	1373	1
1719	2363	1
1719	1216	1
1722	1619	1
1723	1619	1
1723	1722	1
1724	1538	1
1724	1508	1
1724	1492	1
1725	921	1
1725	1265	1
1727	1376	1
1728	1110	1
1728	129	1
1728	168	1
1728	1536	1
1728	1474	1
1728	1249	1
1728	1775	1
1729	1110	1
1732	853	1
1732	2225	1
1732	1493	1
1736	1690	1
1737	1736	1
1738	1264	1
1741	492	1
1741	601	1
1746	1948	1
1747	2160	1
1747	2434	1
1751	2691	1
1757	1842	1
1759	2288	1
1761	2208	1
1762	571	1
1762	2694	1
1764	1938	1
1765	1938	1
1767	2257	1
1767	500	1
1768	2257	1
1770	1938	1
1770	1764	1
1770	1765	1
1771	1872	1
1773	2545	1
1774	990	1
1775	1771	1
1775	2116	1
1775	2082	1
1777	2064	1
1779	2007	1
1780	2007	1
1781	2663	1
1781	1819	1
1784	2688	1
1784	2705	1
1784	55	1
1784	2199	1
1784	844	1
1789	2469	1
1793	2178	1
1793	1775	1
1793	1795	1
1793	2082	1
1794	2545	1
1794	2178	1
1794	1795	1
1795	2545	1
1795	2178	1
1795	1775	1
1795	1788	1
1795	2082	1
1796	2001	1
1796	1030	1
1796	1917	1
1796	833	1
1798	2120	1
1800	1907	1
1800	1901	1
1800	2016	1
1800	1995	1
1800	342	1
1801	1814	1
1802	2064	1
1802	1777	1
1803	1913	1
1804	2289	1
1805	2289	1
1805	1804	1
1806	2279	1
1810	1766	1
1812	2364	1
1812	862	1
1812	1513	1
1812	1407	1
1812	1155	1
1812	783	1
1812	785	1
1814	834	1
1815	2670	1
1815	2671	1
1815	238	1
1815	253	1
1817	2464	1
1818	2073	1
1818	1813	1
1818	2029	1
1819	2580	1
1819	224	1
1820	2383	1
1820	2569	1
1821	1801	1
1821	834	1
1823	2487	1
1823	2580	1
1827	1962	1
1827	2083	1
1827	2224	1
1827	2110	1
1828	2018	1
1831	1832	1
1831	1836	1
1832	1836	1
1834	1905	1
1836	1832	1
1838	2514	1
1838	2380	1
1839	2688	1
1839	2705	1
1839	290	1
1840	2688	1
1840	2705	1
1841	1741	1
1841	564	1
1843	2626	1
1844	1979	1
1844	1845	1
1845	1979	1
1845	979	1
1846	1927	1
1847	1846	1
1847	1927	1
1848	2483	1
1849	2163	1
1850	2554	1
1853	2320	1
1853	1861	1
1854	2122	1
1854	1976	1
1854	2048	1
1854	2645	1
1854	2299	1
1854	2482	1
1854	1855	1
1855	2122	1
1855	2482	1
1855	1854	1
1857	2681	1
1859	548	1
1859	1791	1
1860	548	1
1860	906	1
1860	683	1
1862	1863	1
1862	1964	1
1864	2122	1
1864	1854	1
1864	1855	1
1866	2272	1
1867	1754	1
1869	1754	1
1869	2409	1
1873	1998	1
1874	1920	1
1875	2439	1
1878	2571	1
1879	2355	1
1879	1760	1
1879	763	1
1884	745	1
1884	1886	1
1884	1902	1
1885	745	1
1885	1884	1
1885	1886	1
1885	1902	1
1886	745	1
1886	1902	1
1887	2258	1
1890	2039	1
1891	1149	1
1891	1875	1
1891	1774	1
1892	2131	1
1893	1895	1
1894	2144	1
1894	2524	1
1894	827	1
1894	1527	1
1894	909	1
1896	1851	1
1897	2146	1
1897	2182	1
1898	278	1
1898	2140	1
1902	1887	1
1906	2421	1
1908	2514	1
1908	442	1
1908	1647	1
1908	1893	1
1908	1838	1
1908	2561	1
1908	1582	1
1909	2677	1
1909	1545	1
1909	632	1
1909	1582	1
1910	2159	1
1910	705	1
1910	1668	1
1910	2416	1
1910	2506	1
1910	2242	1
1910	2375	1
1910	2488	1
1910	2366	1
1910	2575	1
1910	2081	1
1911	1719	1
1911	290	1
1911	1098	1
1911	2087	1
1911	2206	1
1911	860	1
1912	304	1
1912	1932	1
1913	416	1
1915	2497	1
1915	1981	1
1916	2400	1
1919	2431	1
1921	2402	1
1922	2026	1
1924	2327	1
1926	748	1
1927	1846	1
1928	1923	1
1928	2114	1
1929	2349	1
1931	2277	1
1931	2402	1
1931	1408	1
1931	1921	1
1933	748	1
1933	36	1
1934	1816	1
1935	2340	1
1935	611	1
1936	1943	1
1937	1064	1
1939	2307	1
1940	2250	1
1941	748	1
1941	1926	1
1946	1030	1
1946	2516	1
1947	2557	1
1952	2396	1
1952	2029	1
1954	98	1
1954	2183	1
1954	978	1
1954	2222	1
1954	2150	1
1954	321	1
1960	1949	1
1961	2100	1
1963	2195	1
1964	1862	1
1964	1863	1
1966	1825	1
1967	695	1
1968	527	1
1968	1774	1
1968	2619	1
1969	2309	1
1969	2363	1
1969	2051	1
1969	2200	1
1975	2689	1
1975	2408	1
1975	2655	1
1980	2457	1
1980	758	1
1980	2202	1
1980	262	1
1981	2491	1
1983	2078	1
1989	1882	1
1990	233	1
1990	2093	1
1990	201	1
1993	1945	1
1993	2546	1
1993	276	1
1994	2097	1
1994	2241	1
1994	1995	1
1994	1800	1
1995	2097	1
1995	1907	1
1995	1800	1
1996	1997	1
1999	2515	1
1999	2003	1
2002	1713	1
2003	2515	1
2003	1999	1
2005	2345	1
2006	1824	1
2008	2022	1
2009	2534	1
2011	2633	1
2011	1835	1
2011	2182	1
2013	2382	1
2014	2018	1
2014	1828	1
2015	2327	1
2015	2034	1
2016	467	1
2016	342	1
2017	2677	1
2017	1479	1
2017	1582	1
2018	1828	1
2019	2147	1
2020	1857	1
2021	2218	1
2021	87	1
2022	2008	1
2024	737	1
2024	427	1
2024	1932	1
2024	1778	1
2025	2693	1
2025	2377	1
2030	2077	1
2030	2659	1
2030	743	1
2030	744	1
2030	2316	1
2032	2171	1
2037	1584	1
2037	288	1
2037	2151	1
2039	1890	1
2040	2004	1
2040	2360	1
2040	672	1
2040	1924	1
2041	1744	1
2044	1149	1
2044	2683	1
2044	80	1
2045	2550	1
2046	616	1
2047	2111	1
2049	2218	1
2049	2410	1
2049	2306	1
2052	2062	1
2053	2685	1
2054	2685	1
2054	591	1
2054	2053	1
2055	2352	1
2056	271	1
2056	2095	1
2057	2465	1
2057	2695	1
2057	790	1
2057	1510	1
2058	755	1
2058	2232	1
2058	757	1
2060	2062	1
2061	96	1
2061	215	1
2061	2062	1
2065	1985	1
2065	2086	1
2066	2062	1
2067	1792	1
2069	2434	1
2070	2602	1
2070	2640	1
2071	1809	1
2075	1855	1
2076	211	1
2079	2609	1
2080	2609	1
2081	2159	1
2081	2366	1
2082	2545	1
2082	2178	1
2084	2615	1
2085	1093	1
2085	1094	1
2088	2524	1
2088	2525	1
2088	2167	1
2088	248	1
2088	776	1
2089	357	1
2089	1965	1
2089	1261	1
2089	1603	1
2089	714	1
2089	1530	1
2089	1117	1
2090	1260	1
2091	1944	1
2091	2617	1
2091	585	1
2091	303	1
2092	2015	1
2095	2230	1
2098	2156	1
2098	2099	1
2101	2470	1
2102	2664	1
2106	1750	1
2107	2574	1
2107	2571	1
2107	1953	1
2107	1865	1
2107	2046	1
2107	613	1
2107	2496	1
2108	1898	1
2108	2140	1
2112	2572	1
2112	365	1
2113	2623	1
2114	1923	1
2115	2000	1
2115	276	1
2116	2125	1
2117	2639	1
2118	2442	1
2119	2154	1
2121	2212	1
2123	2482	1
2124	1928	1
2124	2114	1
2126	2339	1
2126	2213	1
2126	2591	1
2128	2479	1
2128	2030	1
2129	2454	1
2130	2030	1
2131	2319	1
2131	2030	1
2132	1837	1
2133	1925	1
2133	2199	1
2133	2206	1
2134	2644	1
2135	2012	1
2135	2023	1
2135	2333	1
2135	134	1
2135	2583	1
2136	2148	1
2141	2418	1
2142	2096	1
2148	2136	1
2149	1955	1
2149	2188	1
2150	2183	1
2150	1192	1
2151	1584	1
2152	1277	1
2153	2699	1
2153	889	1
2153	1977	1
2153	1982	1
2153	1992	1
2153	2025	1
2153	1716	1
2153	2002	1
2153	2219	1
2153	2318	1
2153	115	1
2153	2008	1
2153	2022	1
2157	2565	1
2164	2094	1
2164	2521	1
2164	1749	1
2164	5	1
2164	515	1
2165	2363	1
2165	538	1
2165	2193	1
2165	1143	1
2166	2524	1
2166	2167	1
2166	971	1
2166	776	1
2167	2161	1
2169	2420	1
2170	1325	1
2171	2031	1
2173	2204	1
2175	1745	1
2175	1009	1
2175	1719	1
2175	1940	1
2175	2249	1
2175	2250	1
2175	1362	1
2175	2087	1
2175	2206	1
2175	120	1
2175	2259	1
2176	1914	1
2176	2535	1
2177	1883	1
2178	2545	1
2178	2582	1
2178	1788	1
2178	1793	1
2178	1795	1
2179	2183	1
2179	2150	1
2179	321	1
2180	2577	1
2180	1500	1
2181	2143	1
2181	2178	1
2181	1788	1
2181	1793	1
2181	1795	1
2182	2146	1
2182	2633	1
2182	1835	1
2182	1748	1
2185	2109	1
2186	2321	1
2187	2314	1
2187	531	1
2187	2321	1
2189	2188	1
2189	2190	1
2189	2365	1
2190	1955	1
2190	2188	1
2190	2189	1
2190	2149	1
2190	2365	1
2191	362	1
2192	1743	1
2192	177	1
2194	1955	1
2194	2188	1
2194	2189	1
2194	2190	1
2194	2149	1
2200	2703	1
2200	1797	1
2202	1571	1
2202	1303	1
2202	2638	1
2203	2397	1
2204	2173	1
2205	1799	1
2206	1925	1
2206	1984	1
2207	79	1
2207	1786	1
2208	2313	1
2210	1808	1
2211	854	1
2211	1971	1
2211	1232	1
2214	2223	1
2214	420	1
2215	1877	1
2215	2650	1
2215	344	1
2215	2057	1
2215	675	1
2216	2688	1
2216	2705	1
2219	1977	1
2219	2008	1
2219	2022	1
2220	2478	1
2220	2139	1
2220	2600	1
2220	1958	1
2220	1409	1
2220	2563	1
2220	2226	1
2220	1940	1
2220	2252	1
2220	290	1
2220	1950	1
2221	1757	1
2222	2150	1
2223	190	1
2223	510	1
2226	2478	1
2226	2139	1
2226	1958	1
2226	1950	1
2227	2072	1
2227	1974	1
2227	2390	1
2227	1923	1
2228	1093	1
2228	1094	1
2228	2068	1
2228	2085	1
2233	2201	1
2234	2208	1
2235	2208	1
2236	2542	1
2236	2435	1
2236	2262	1
2237	2274	1
2237	2170	1
2238	2271	1
2239	587	1
2239	2507	1
2239	2513	1
2239	2413	1
2239	2414	1
2242	2458	1
2243	831	1
2243	2244	1
2243	2245	1
2246	2475	1
2247	2701	1
2247	2263	1
2248	2296	1
2249	2271	1
2250	2271	1
2251	2296	1
2252	2271	1
2252	2277	1
2253	2213	1
2253	2591	1
2254	2347	1
2254	2039	1
2259	2271	1
2259	1959	1
2260	2501	1
2261	1719	1
2261	2087	1
2261	2206	1
2261	2259	1
2262	2542	1
2262	2435	1
2262	2236	1
2263	2701	1
2264	2519	1
2265	2347	1
2267	2196	1
2268	2445	1
2268	2275	1
2268	1753	1
2269	2277	1
2270	2043	1
2270	480	1
2275	2445	1
2275	2522	1
2275	2268	1
2275	2191	1
2276	1864	1
2278	2284	1
2280	2286	1
2282	2217	1
2282	1686	1
2283	2284	1
2285	2311	1
2285	2138	1
2290	2213	1
2291	2290	1
2292	2140	1
2292	1899	1
2293	1937	1
2298	2518	1
2299	1854	1
2299	1855	1
2301	2588	1
2301	1907	1
2301	1901	1
2302	403	1
2302	1353	1
2302	2111	1
2302	1880	1
2302	2104	1
2303	2035	1
2303	858	1
2303	1951	1
2304	2297	1
2304	908	1
2305	2183	1
2305	2150	1
2305	321	1
2306	2594	1
2307	1772	1
2307	406	1
2307	1939	1
2309	403	1
2309	681	1
2309	1325	1
2312	2587	1
2315	2287	1
2317	1353	1
2317	2624	1
2318	1977	1
2318	491	1
2319	2479	1
2321	2370	1
2321	2186	1
2322	2498	1
2326	317	1
2326	508	1
2326	2324	1
2327	2015	1
2327	1924	1
2327	2034	1
2328	1782	1
2329	2080	1
2329	1918	1
2329	2589	1
2329	1428	1
2330	1769	1
2330	1631	1
2334	1588	1
2334	1917	1
2334	2332	1
2334	2103	1
2334	54	1
2334	1832	1
2334	1836	1
2334	209	1
2334	1790	1
2334	2353	1
2334	602	1
2337	2218	1
2337	2606	1
2337	2610	1
2338	1024	1
2338	1478	1
2338	2677	1
2338	2127	1
2338	1986	1
2338	2443	1
2341	2425	1
2341	559	1
2341	623	1
2341	788	1
2341	1757	1
2341	1842	1
2342	2593	1
2342	2577	1
2342	2197	1
2342	381	1
2342	497	1
2342	2151	1
2342	1270	1
2343	2443	1
2346	397	1
2346	1967	1
2348	1783	1
2348	2682	1
2350	2168	1
2351	1772	1
2354	400	1
2354	556	1
2356	1705	1
2356	2246	1
2356	1105	1
2360	2004	1
2360	400	1
2360	556	1
2360	1386	1
2360	2273	1
2360	2354	1
2360	1006	1
2360	2040	1
2361	2175	1
2361	2216	1
2361	139	1
2362	1870	1
2362	2510	1
2366	2506	1
2366	2575	1
2366	2458	1
2367	2577	1
2367	1833	1
2368	2642	1
2371	2489	1
2371	1126	1
2372	2398	1
2372	2489	1
2372	1126	1
2373	2507	1
2373	2413	1
2373	2414	1
2373	1366	1
2373	2374	1
2374	2507	1
2374	2513	1
2374	1366	1
2374	2373	1
2375	2416	1
2378	2050	1
2378	2335	1
2378	1668	1
2378	611	1
2379	1984	1
2379	2206	1
2380	2294	1
2380	215	1
2380	2514	1
2380	1838	1
2380	2561	1
2380	288	1
2384	2460	1
2386	2387	1
2391	2548	1
2391	507	1
2392	1925	1
2393	1813	1
2393	1952	1
2393	1896	1
2393	2029	1
2394	2427	1
2395	2665	1
2396	2563	1
2397	2203	1
2397	2405	1
2398	2399	1
2398	2184	1
2401	1988	1
2402	1921	1
2403	2581	1
2404	2221	1
2405	2203	1
2406	2078	1
2407	2704	1
2407	1631	1
2408	2145	1
2409	2027	1
2409	174	1
2409	638	1
2409	2672	1
2410	1811	1
2410	204	1
2412	2255	1
2412	1758	1
2417	2532	1
2418	2141	1
2418	2345	1
2419	2323	1
2419	492	1
2419	1268	1
2421	1829	1
2421	2389	1
2421	1856	1
2421	2266	1
2421	2654	1
2421	345	1
2421	263	1
2421	2590	1
2421	74	1
2421	1868	1
2422	2376	1
2423	853	1
2423	550	1
2423	862	1
2423	1732	1
2423	1644	1
2423	1191	1
2423	2225	1
2423	2627	1
2423	881	1
2423	2657	1
2423	1161	1
2423	1601	1
2426	1686	1
2426	2126	1
2426	2282	1
2426	2493	1
2426	2431	1
2426	1919	1
2427	1888	1
2427	2548	1
2427	2591	1
2427	2391	1
2427	507	1
2428	2042	1
2428	116	1
2428	225	1
2428	760	1
2428	44	1
2428	2021	1
2428	1860	1
2429	2281	1
2429	2624	1
2429	2317	1
2429	2152	1
2429	1143	1
2430	1860	1
2431	2591	1
2432	1755	1
2434	2160	1
2434	105	1
2437	2433	1
2438	2091	1
2444	2257	1
2444	500	1
2447	2010	1
2448	2311	1
2448	519	1
2449	1881	1
2449	2158	1
2449	2450	1
2450	1881	1
2451	2446	1
2451	1973	1
2452	2595	1
2452	1315	1
2454	1342	1
2455	2354	1
2456	1742	1
2459	553	1
2459	2606	1
2461	2492	1
2461	1076	1
2461	1078	1
2462	1986	1
2462	401	1
2463	1934	1
2466	2240	1
2466	1830	1
2466	831	1
2467	2155	1
2467	2468	1
2467	323	1
2470	1230	1
2470	1277	1
2470	2643	1
2470	2646	1
2471	2245	1
2472	2476	1
2473	434	1
2473	1192	1
2474	2425	1
2474	2078	1
2480	653	1
2480	2485	1
2481	1858	1
2482	2645	1
2485	749	1
2485	1816	1
2485	1378	1
2486	1970	1
2490	1807	1
2492	1900	1
2492	2547	1
2494	2063	1
2495	571	1
2495	1762	1
2495	2694	1
2496	2571	1
2496	613	1
2498	2147	1
2498	2567	1
2498	2500	1
2498	2322	1
2499	203	1
2499	2147	1
2499	863	1
2499	2376	1
2499	1787	1
2499	2505	1
2499	1871	1
2499	2357	1
2499	2385	1
2499	2422	1
2499	2498	1
2499	2500	1
2499	2322	1
2499	1418	1
2499	359	1
2499	1935	1
2499	1068	1
2500	2376	1
2500	2422	1
2500	2498	1
2500	2322	1
2500	1068	1
2503	2358	1
2506	2416	1
2506	2575	1
2506	2458	1
2508	1235	1
2508	2577	1
2508	2137	1
2508	632	1
2508	322	1
2509	1962	1
2509	517	1
2509	2618	1
2510	1977	1
2510	1978	1
2510	1991	1
2510	2002	1
2510	416	1
2511	2083	1
2511	2320	1
2511	2141	1
2511	2418	1
2511	2345	1
2512	1930	1
2520	2359	1
2526	2448	1
2527	1956	1
2527	2100	1
2527	1961	1
2528	1858	1
2529	2294	1
2529	2521	1
2530	2415	1
2530	2090	1
2532	2417	1
2533	2517	1
2536	502	1
2536	1957	1
2536	2629	1
2537	1846	1
2537	2198	1
2537	451	1
2537	1927	1
2538	2325	1
2539	2213	1
2540	1857	1
2543	2440	1
2543	2409	1
2543	1479	1
2543	1776	1
2543	2674	1
2544	2568	1
2549	2608	1
2549	280	1
2549	519	1
2551	2473	1
2552	2026	1
2553	1875	1
2555	2560	1
2556	1904	1
2556	858	1
2558	2514	1
2558	450	1
2559	841	1
2559	51	1
2559	1241	1
2559	2076	1
2559	1747	1
2559	260	1
2560	323	1
2561	2380	1
2562	2595	1
2564	1785	1
2566	2531	1
2570	480	1
2570	667	1
2570	1928	1
2570	1806	1
2573	1942	1
2575	2388	1
2576	1051	1
2578	99	1
2579	2279	1
2579	2336	1
2583	2310	1
2583	1423	1
2583	2333	1
2583	1173	1
2584	2632	1
2585	1809	1
2585	2441	1
2585	1830	1
2585	1263	1
2586	2162	1
2586	1647	1
2586	1889	1
2586	2486	1
2586	2113	1
2589	2424	1
2590	388	1
2592	1852	1
2596	2669	1
2596	2680	1
2596	2686	1
2597	2256	1
2597	1698	1
2598	854	1
2598	956	1
2598	1631	1
2598	2330	1
2598	1230	1
2598	1232	1
2599	2162	1
2603	1756	1
2604	1631	1
2604	2330	1
2605	1401	1
2605	2502	1
2605	951	1
2607	2074	1
2607	2310	1
2607	2369	1
2607	1987	1
2611	1763	1
2611	2606	1
2612	724	1
2612	1903	1
2612	2625	1
2612	26	1
2613	1756	1
2614	986	1
2614	2484	1
2614	2616	1
2615	2074	1
2615	1647	1
2616	986	1
2616	2484	1
2619	328	1
2619	1774	1
2620	1972	1
2621	2105	1
2622	2033	1
2624	2702	1
2624	1931	1
2624	1878	1
2624	2277	1
2624	1204	1
2626	2399	1
2626	2656	1
2628	2629	1
2630	1826	1
2631	2601	1
2634	1876	1
2634	1197	1
2635	2231	1
2636	2300	1
2637	2652	1
2641	1745	1
2643	2646	1
2646	2643	1
2647	2658	1
2647	2430	1
2648	1889	1
2649	1956	1
2649	249	1
2649	2436	1
2649	2106	1
2651	2059	1
2652	2308	1
2652	240	1
2653	2028	1
2653	1363	1
2655	1975	1
2656	1699	1
2656	799	1
2657	1161	1
2658	1860	1
2658	1559	1
2658	691	1
2659	743	1
2659	2316	1
2660	1933	1
2661	2159	1
2661	1910	1
2661	2506	1
2661	2242	1
2661	2375	1
2662	1822	1
2662	2606	1
2662	527	1
2663	2229	1
2665	2395	1
2666	451	1
2666	2453	1
2666	2411	1
2667	2295	1
2667	2381	1
2667	2504	1
2667	2429	1
2668	2365	1
2673	995	1
2673	2541	1
2674	2066	1
2674	1352	1
2675	1862	1
2675	1824	1
2675	1256	1
2675	1964	1
2676	1787	1
2676	2385	1
2678	2477	1
2678	2576	1
2679	99	1
2679	2578	1
2684	2523	1
2685	2053	1
2687	636	1
2687	2174	1
2687	764	1
2689	2209	1
2690	2053	1
2692	1370	1
2692	2038	1
2692	2172	1
2694	2331	1
2695	2198	1
2696	98	1
2696	2695	1
2696	2036	1
2697	2700	1
2697	2288	1
2697	2698	1
2697	1759	1
2698	2700	1
2698	1759	1
2706	1752	1
2706	1138	1
2706	1046	1
2706	1640	1
2707	2344	1
2707	1389	1
2707	774	1
