0	0	1
5	97	1
5	916	1
6	20	1
6	663	1
7	390	1
7	616	1
7	1001	1
7	1004	1
10	390	1
10	440	1
14	1630	1
14	544	1
15	390	1
17	488	1
17	601	1
17	663	1
17	832	1
18	847	1
19	495	1
20	663	1
22	390	1
22	699	1
25	296	1
25	461	1
26	86	1
26	263	1
26	1634	1
28	275	1
28	390	1
28	422	1
28	522	1
28	714	1
28	748	1
28	999	1
29	792	1
30	471	1
30	505	1
31	471	1
34	699	1
35	643	1
35	814	1
36	5	1
36	97	1
36	274	1
36	329	1
36	661	1
36	916	1
37	79	1
38	643	1
39	488	1
40	660	1
40	847	1
40	849	1
42	487	1
42	488	1
42	644	1
43	847	1
44	678	1
46	847	1
48	28	1
48	422	1
48	748	1
49	847	1
50	763	1
51	318	1
51	364	1
51	390	1
51	439	1
51	481	1
51	482	1
51	483	1
51	616	1
51	747	1
51	1005	1
52	612	1
54	28	1
54	67	1
54	184	1
54	275	1
54	390	1
54	422	1
54	522	1
54	699	1
54	714	1
54	748	1
54	956	1
54	998	1
54	999	1
55	2196	1
55	972	1
56	172	1
56	1492	1
56	505	1
58	390	1
58	414	1
58	439	1
58	554	1
59	18	1
59	604	1
59	847	1
61	986	1
62	2593	1
63	5	1
63	97	1
63	274	1
63	329	1
63	661	1
63	916	1
64	6	1
64	643	1
65	218	1
65	266	1
65	876	1
65	992	1
66	331	1
67	291	1
67	616	1
67	714	1
67	748	1
67	998	1
67	999	1
67	1000	1
68	301	1
69	25	1
69	265	1
69	276	1
69	296	1
69	338	1
69	372	1
69	461	1
69	505	1
70	631	1
70	659	1
72	674	1
73	894	1
74	991	1
75	495	1
76	674	1
77	735	1
77	916	1
78	505	1
80	269	1
80	1545	1
81	847	1
82	390	1
82	658	1
83	274	1
83	643	1
84	986	1
85	390	1
85	698	1
85	699	1
86	539	1
87	87	1
88	266	1
88	780	1
88	905	1
89	788	1
90	474	1
90	1631	1
90	862	1
91	64	1
91	682	1
91	795	1
92	35	1
93	447	1
93	763	1
93	800	1
94	285	1
94	373	1
94	374	1
94	390	1
94	439	1
94	444	1
94	445	1
95	571	1
95	574	1
95	2923	1
95	698	1
97	5	1
97	329	1
97	661	1
98	390	1
98	699	1
99	0	1
101	542	1
103	79	1
103	272	1
103	364	1
103	390	1
105	28	1
105	67	1
105	275	1
105	422	1
105	522	1
105	699	1
105	714	1
105	748	1
105	998	1
105	999	1
106	28	1
106	48	1
106	184	1
106	275	1
106	291	1
106	390	1
106	422	1
106	442	1
106	522	1
106	554	1
106	699	1
106	714	1
106	748	1
106	998	1
106	999	1
107	265	1
107	276	1
107	338	1
107	372	1
107	502	1
108	173	1
108	383	1
108	838	1
109	323	1
109	848	1
111	0	1
112	917	1
114	329	1
116	410	1
117	117	1
118	22	1
119	381	1
121	643	1
121	814	1
121	816	1
121	866	1
122	263	1
122	297	1
122	471	1
122	2745	1
122	1004	1
125	822	1
126	243	1
127	24	1
127	297	1
127	471	1
128	638	1
129	104	1
129	589	1
130	2361	1
130	1498	1
131	104	1
131	589	1
132	564	1
133	1098	1
133	323	1
134	104	1
134	589	1
134	691	1
135	319	1
135	370	1
135	610	1
135	715	1
135	716	1
136	643	1
136	809	1
136	814	1
137	330	1
137	416	1
138	486	1
138	847	1
139	495	1
139	731	1
140	104	1
140	589	1
141	144	1
141	418	1
142	416	1
142	472	1
142	496	1
143	704	1
144	281	1
144	416	1
144	822	1
145	16	1
145	472	1
145	497	1
145	542	1
145	822	1
146	40	1
146	144	1
146	230	1
146	416	1
146	418	1
146	822	1
147	390	1
147	456	1
147	927	1
148	40	1
148	230	1
149	149	1
149	150	1
149	325	1
149	1509	1
149	1701	1
149	637	1
149	917	1
150	1509	1
150	1701	1
150	637	1
150	917	1
151	390	1
151	598	1
152	65	1
152	88	1
152	266	1
152	291	1
152	566	1
153	1	1
153	28	1
153	275	1
153	291	1
153	390	1
153	422	1
153	522	1
153	699	1
153	714	1
153	748	1
154	88	1
154	291	1
154	390	1
154	460	1
154	483	1
155	390	1
155	699	1
156	390	1
156	699	1
157	57	1
157	290	1
157	641	1
158	9	1
158	568	1
158	583	1
159	285	1
159	291	1
159	504	1
159	547	1
160	596	1
160	753	1
160	980	1
161	53	1
161	309	1
162	782	1
163	290	1
164	353	1
165	863	1
166	656	1
166	731	1
167	291	1
167	364	1
167	390	1
167	439	1
167	462	1
167	608	1
167	799	1
168	608	1
169	293	1
170	287	1
170	348	1
170	520	1
170	846	1
171	506	1
171	817	1
172	505	1
173	838	1
174	410	1
174	509	1
176	67	1
176	105	1
176	390	1
176	830	1
176	987	1
176	998	1
177	40	1
177	230	1
179	471	1
180	34	1
180	58	1
180	105	1
180	303	1
180	390	1
180	572	1
180	688	1
180	698	1
180	717	1
180	842	1
180	987	1
181	847	1
182	37	1
182	130	1
182	278	1
182	390	1
182	523	1
185	183	1
185	2641	1
185	605	1
185	2855	1
185	3043	1
185	3267	1
186	847	1
186	966	1
187	847	1
188	531	1
188	791	1
188	814	1
189	391	1
189	483	1
190	71	1
191	409	1
191	661	1
191	847	1
193	758	1
193	759	1
193	760	1
194	265	1
194	372	1
194	422	1
194	445	1
194	3122	1
195	753	1
196	389	1
196	973	1
197	647	1
197	898	1
198	416	1
199	606	1
199	2855	1
200	390	1
200	582	1
201	838	1
202	9	1
202	385	1
202	386	1
202	387	1
202	584	1
202	654	1
202	847	1
202	932	1
202	933	1
203	274	1
203	661	1
204	204	1
205	670	1
206	507	1
206	1628	1
208	495	1
208	659	1
209	641	1
210	64	1
210	279	1
210	682	1
211	659	1
212	390	1
212	439	1
212	963	1
213	47	1
213	293	1
213	396	1
213	397	1
213	447	1
213	872	1
214	654	1
214	860	1
215	672	1
216	291	1
216	684	1
217	591	1
217	615	1
219	390	1
219	681	1
220	619	1
221	390	1
222	924	1
223	708	1
224	697	1
225	653	1
226	631	1
226	986	1
227	753	1
228	178	1
228	295	1
228	305	1
229	625	1
231	390	1
231	681	1
232	178	1
232	295	1
232	305	1
233	292	1
233	390	1
233	420	1
234	364	1
234	390	1
234	571	1
235	1068	1
235	1226	1
235	1568	1
235	592	1
235	739	1
236	178	1
236	295	1
236	305	1
237	979	1
238	608	1
239	64	1
239	203	1
239	498	1
239	643	1
239	682	1
239	704	1
240	386	1
240	584	1
240	618	1
240	654	1
240	794	1
240	932	1
241	410	1
241	631	1
241	659	1
242	822	1
242	847	1
242	979	1
244	364	1
244	390	1
244	439	1
244	483	1
244	547	1
244	926	1
246	2559	1
246	810	1
247	806	1
247	933	1
247	1003	1
248	390	1
248	681	1
249	388	1
250	13	1
250	691	1
251	302	1
251	364	1
251	373	1
251	438	1
251	517	1
251	668	1
251	669	1
251	699	1
251	745	1
251	1956	1
252	290	1
253	364	1
253	390	1
253	439	1
253	483	1
253	547	1
253	926	1
254	390	1
255	202	1
255	654	1
256	447	1
257	556	1
257	573	1
258	944	1
259	364	1
259	390	1
259	439	1
259	483	1
259	547	1
259	926	1
260	9	1
260	33	1
260	290	1
261	523	1
262	86	1
262	272	1
262	373	1
262	471	1
262	780	1
262	887	1
263	283	1
263	460	1
267	102	1
267	179	1
267	780	1
269	878	1
271	487	1
271	488	1
271	612	1
271	643	1
271	644	1
272	86	1
272	471	1
272	780	1
274	916	1
276	471	1
277	951	1
278	79	1
278	1175	1
281	419	1
281	822	1
284	429	1
285	272	1
285	471	1
286	544	1
287	337	1
287	846	1
288	615	1
290	783	1
293	396	1
296	447	1
297	31	1
297	179	1
297	266	1
299	648	1
302	58	1
302	364	1
302	439	1
303	22	1
303	390	1
303	698	1
304	304	1
305	429	1
305	1512	1
305	1710	1
306	170	1
306	615	1
307	847	1
309	23	1
309	53	1
310	37	1
310	123	1
310	272	1
310	278	1
310	517	1
310	574	1
310	699	1
311	263	1
311	283	1
311	2105	1
313	643	1
313	661	1
313	850	1
314	643	1
314	661	1
315	312	1
315	313	1
315	314	1
316	410	1
317	291	1
317	390	1
318	390	1
319	788	1
320	730	1
320	736	1
320	737	1
321	825	1
322	685	1
323	514	1
324	280	1
324	326	1
324	1509	1
324	1701	1
324	637	1
325	1509	1
325	1701	1
325	637	1
325	917	1
326	149	1
326	150	1
326	325	1
326	1509	1
326	1701	1
326	637	1
326	917	1
327	1509	1
327	1701	1
327	637	1
327	917	1
328	661	1
328	948	1
329	916	1
330	659	1
332	439	1
332	799	1
334	389	1
334	756	1
335	22	1
336	291	1
336	390	1
336	598	1
338	471	1
340	509	1
341	1386	1
341	1560	1
341	3258	1
344	263	1
345	857	1
346	477	1
347	209	1
347	719	1
348	643	1
348	848	1
350	280	1
350	326	1
350	615	1
350	629	1
350	985	1
351	2579	1
351	354	1
351	416	1
353	352	1
353	354	1
354	352	1
355	51	1
355	69	1
355	364	1
355	390	1
355	439	1
355	483	1
355	747	1
355	772	1
355	976	1
355	977	1
355	1004	1
356	51	1
356	69	1
356	285	1
356	291	1
356	355	1
356	390	1
356	745	1
356	747	1
356	773	1
357	25	1
357	888	1
358	279	1
358	359	1
360	419	1
360	822	1
361	360	1
363	363	1
363	390	1
363	765	1
364	439	1
365	364	1
365	439	1
365	799	1
365	1004	1
366	34	1
366	85	1
366	699	1
366	700	1
367	488	1
368	488	1
369	477	1
374	373	1
374	763	1
376	673	1
377	2371	1
377	673	1
377	1001	1
379	678	1
379	954	1
380	537	1
381	0	1
382	113	1
382	364	1
382	390	1
382	391	1
382	439	1
383	108	1
383	201	1
383	514	1
383	838	1
384	173	1
384	383	1
384	838	1
386	385	1
386	584	1
386	932	1
387	11	1
387	434	1
389	756	1
390	799	1
391	390	1
391	799	1
392	24	1
393	27	1
393	940	1
394	506	1
394	847	1
394	938	1
394	940	1
396	293	1
397	293	1
397	395	1
397	396	1
397	652	1
399	951	1
400	401	1
400	693	1
400	916	1
401	404	1
401	693	1
401	3183	1
402	400	1
402	401	1
402	3185	1
403	404	1
403	631	1
404	1343	1
404	693	1
404	1859	1
404	3183	1
405	400	1
405	401	1
405	403	1
405	404	1
405	693	1
406	24	1
409	847	1
411	40	1
411	230	1
411	410	1
411	631	1
412	822	1
413	608	1
414	390	1
414	439	1
415	0	1
415	953	1
417	822	1
418	41	1
418	281	1
418	300	1
418	416	1
418	822	1
421	1150	1
421	353	1
421	1646	1
421	1687	1
422	184	1
422	554	1
424	263	1
425	263	1
426	263	1
426	424	1
426	425	1
427	763	1
428	891	1
431	925	1
432	273	1
432	1420	1
432	705	1
432	855	1
433	273	1
433	432	1
434	387	1
435	847	1
436	847	1
438	51	1
438	179	1
438	302	1
438	437	1
438	439	1
438	745	1
443	60	1
443	443	1
444	37	1
444	278	1
444	373	1
444	374	1
444	390	1
444	439	1
444	445	1
445	285	1
445	291	1
445	373	1
445	374	1
445	390	1
445	439	1
446	909	1
446	3273	1
449	450	1
450	390	1
451	450	1
451	773	1
452	183	1
453	144	1
453	416	1
453	417	1
453	418	1
455	22	1
455	390	1
455	1008	1
456	390	1
456	698	1
456	927	1
458	457	1
460	79	1
460	86	1
460	539	1
461	86	1
462	291	1
462	364	1
462	390	1
462	556	1
462	609	1
463	276	1
463	338	1
464	2745	1
464	739	1
466	465	1
467	389	1
467	767	1
468	299	1
469	22	1
469	275	1
469	422	1
469	522	1
469	554	1
470	51	1
470	291	1
470	364	1
470	390	1
472	822	1
473	767	1
473	822	1
474	1968	1
474	862	1
475	295	1
475	476	1
475	558	1
475	742	1
479	175	1
480	40	1
480	230	1
481	51	1
481	318	1
481	364	1
481	390	1
481	439	1
481	482	1
481	483	1
481	616	1
481	698	1
481	747	1
481	1004	1
481	1005	1
482	291	1
482	364	1
482	390	1
482	439	1
483	364	1
483	390	1
483	439	1
483	926	1
484	847	1
485	486	1
487	488	1
488	488	1
489	488	1
491	635	1
492	493	1
492	631	1
493	979	1
494	170	1
494	767	1
494	1003	1
495	631	1
495	659	1
495	986	1
496	596	1
499	207	1
499	416	1
499	691	1
500	35	1
500	892	1
501	265	1
501	291	1
501	372	1
501	502	1
501	1004	1
502	265	1
502	372	1
502	664	1
502	1004	1
504	297	1
504	390	1
504	471	1
504	510	1
504	747	1
506	434	1
506	847	1
506	938	1
507	390	1
507	541	1
508	12	1
508	502	1
508	655	1
509	847	1
509	848	1
510	471	1
511	691	1
512	323	1
513	323	1
514	0	1
514	173	1
514	323	1
514	383	1
514	384	1
515	350	1
515	375	1
515	629	1
515	848	1
515	985	1
516	51	1
516	69	1
516	272	1
516	291	1
516	364	1
516	390	1
516	408	1
516	437	1
516	439	1
516	483	1
516	699	1
516	745	1
516	747	1
516	772	1
516	805	1
516	976	1
516	977	1
516	1004	1
517	364	1
517	390	1
517	439	1
519	691	1
519	814	1
519	847	1
520	847	1
523	364	1
523	390	1
525	364	1
525	390	1
525	439	1
525	483	1
525	517	1
526	847	1
527	847	1
528	528	1
529	847	1
530	2987	1
532	531	1
533	533	1
534	78	1
534	505	1
534	533	1
534	862	1
535	295	1
535	447	1
536	564	1
538	769	1
539	184	1
541	262	1
541	297	1
541	471	1
542	847	1
543	851	1
545	286	1
545	544	1
546	89	1
546	788	1
547	123	1
548	89	1
548	546	1
548	986	1
549	572	1
549	574	1
549	575	1
549	616	1
549	646	1
549	698	1
550	364	1
550	390	1
552	637	1
555	276	1
555	338	1
555	901	1
555	902	1
556	471	1
556	2894	1
557	390	1
557	897	1
559	9	1
559	753	1
560	450	1
561	268	1
561	561	1
562	505	1
563	704	1
565	852	1
566	263	1
566	471	1
566	510	1
567	265	1
569	64	1
569	115	1
569	488	1
569	600	1
569	612	1
569	682	1
569	866	1
570	410	1
570	492	1
570	659	1
571	616	1
571	698	1
572	547	1
572	574	1
572	616	1
572	698	1
573	34	1
573	152	1
573	179	1
573	390	1
573	459	1
573	547	1
573	572	1
573	689	1
574	349	1
574	616	1
574	698	1
575	349	1
575	616	1
575	698	1
575	699	1
576	390	1
576	873	1
577	1857	1
578	608	1
579	388	1
579	389	1
579	753	1
579	788	1
580	276	1
580	338	1
580	581	1
581	276	1
581	338	1
583	612	1
583	847	1
584	110	1
584	281	1
584	389	1
585	0	1
585	86	1
586	60	1
586	184	1
586	422	1
586	443	1
586	469	1
588	4	1
588	294	1
588	739	1
590	291	1
590	525	1
590	547	1
591	1017	1
591	326	1
592	1068	1
592	32	1
592	1226	1
592	392	1
592	1568	1
592	615	1
592	685	1
592	739	1
593	595	1
593	847	1
594	595	1
594	847	1
595	847	1
595	916	1
597	51	1
597	87	1
597	318	1
597	332	1
597	390	1
597	439	1
597	483	1
597	608	1
599	22	1
599	598	1
601	429	1
602	295	1
603	5	1
603	661	1
604	846	1
604	850	1
605	183	1
605	381	1
605	452	1
605	993	1
606	381	1
607	192	1
607	849	1
608	390	1
609	1019	1
610	1706	1
610	715	1
611	613	1
611	644	1
614	2362	1
614	696	1
616	521	1
616	522	1
617	126	1
617	243	1
617	328	1
617	661	1
617	916	1
619	85	1
619	275	1
619	349	1
619	390	1
619	522	1
619	698	1
619	699	1
619	700	1
619	1004	1
620	631	1
621	40	1
621	230	1
621	620	1
621	623	1
621	624	1
622	316	1
622	410	1
622	982	1
623	620	1
623	621	1
623	623	1
623	624	1
623	625	1
625	40	1
625	230	1
625	624	1
626	2276	1
626	86	1
626	2843	1
628	1461	1
628	753	1
629	629	1
629	985	1
630	348	1
630	375	1
630	629	1
631	282	1
632	44	1
632	868	1
633	28	1
633	422	1
633	469	1
633	956	1
634	3	1
634	120	1
634	295	1
634	304	1
634	503	1
634	749	1
634	819	1
635	961	1
636	389	1
638	3046	1
639	167	1
639	608	1
639	640	1
639	799	1
640	291	1
640	639	1
640	799	1
641	643	1
642	986	1
643	663	1
645	441	1
645	1633	1
645	880	1
646	31	1
646	179	1
649	387	1
650	204	1
650	387	1
651	293	1
651	369	1
651	691	1
651	928	1
651	986	1
653	2895	1
654	932	1
655	25	1
655	265	1
655	276	1
655	296	1
655	338	1
655	372	1
655	537	1
655	561	1
656	657	1
657	663	1
658	390	1
660	659	1
661	329	1
661	643	1
661	916	1
665	32	1
665	685	1
665	768	1
665	2081	1
667	495	1
667	666	1
668	22	1
668	123	1
668	268	1
668	390	1
668	439	1
668	616	1
668	698	1
668	699	1
668	701	1
668	766	1
669	123	1
669	390	1
669	439	1
669	561	1
669	699	1
671	115	1
671	600	1
673	262	1
673	291	1
673	364	1
673	390	1
673	428	1
673	517	1
673	538	1
673	553	1
673	905	1
674	661	1
675	287	1
675	337	1
676	388	1
678	677	1
679	551	1
680	21	1
680	100	1
680	390	1
680	439	1
680	551	1
680	679	1
680	934	1
680	1005	1
682	6	1
682	643	1
683	25	1
683	291	1
684	381	1
684	953	1
684	969	1
685	24	1
685	263	1
685	266	1
685	460	1
685	769	1
685	903	1
685	905	1
686	32	1
686	2278	1
686	2494	1
686	1469	1
686	2669	1
686	2686	1
686	1678	1
686	685	1
686	1876	1
686	769	1
686	887	1
686	905	1
687	32	1
687	2686	1
687	685	1
687	1876	1
687	769	1
687	887	1
687	905	1
690	0	1
690	271	1
690	691	1
691	0	1
692	287	1
692	2651	1
694	184	1
694	291	1
694	390	1
694	616	1
694	698	1
695	753	1
697	32	1
697	34	1
697	58	1
697	85	1
697	184	1
697	275	1
697	285	1
697	364	1
697	390	1
697	439	1
697	459	1
697	469	1
697	471	1
697	482	1
697	522	1
697	547	1
697	571	1
697	572	1
697	574	1
697	685	1
697	698	1
697	699	1
697	700	1
697	748	1
697	887	1
697	905	1
698	390	1
700	390	1
700	698	1
700	699	1
701	364	1
701	390	1
701	521	1
701	698	1
701	699	1
701	799	1
702	390	1
702	439	1
702	483	1
703	892	1
703	893	1
704	23	1
704	855	1
706	364	1
706	390	1
706	483	1
706	608	1
706	772	1
706	773	1
706	946	1
707	709	1
707	799	1
708	291	1
708	390	1
708	483	1
708	707	1
708	709	1
708	799	1
710	1148	1
710	1533	1
710	450	1
711	390	1
711	437	1
711	673	1
711	960	1
712	750	1
712	847	1
713	381	1
713	798	1
714	184	1
714	422	1
714	616	1
714	699	1
714	748	1
714	999	1
715	2739	1
718	877	1
719	641	1
720	759	1
721	506	1
721	722	1
722	245	1
722	333	1
722	659	1
722	787	1
723	99	1
723	264	1
723	396	1
723	764	1
723	814	1
723	816	1
723	847	1
724	217	1
724	591	1
725	2340	1
725	218	1
725	876	1
725	992	1
726	661	1
727	390	1
727	665	1
727	768	1
727	968	1
728	665	1
728	727	1
728	768	1
729	737	1
729	847	1
730	729	1
730	737	1
730	847	1
730	942	1
732	1	1
732	31	1
732	78	1
732	218	1
732	266	1
732	284	1
732	289	1
732	295	1
732	429	1
732	430	1
732	471	1
732	505	1
732	533	1
732	534	1
732	646	1
732	780	1
732	862	1
732	876	1
732	905	1
733	45	1
733	734	1
733	855	1
735	274	1
735	661	1
736	737	1
737	954	1
738	739	1
740	29	1
740	793	1
741	847	1
743	84	1
743	495	1
744	390	1
744	447	1
745	364	1
746	291	1
746	302	1
746	364	1
746	390	1
746	699	1
746	745	1
746	747	1
746	772	1
746	804	1
746	805	1
747	439	1
748	616	1
748	699	1
750	70	1
750	631	1
750	659	1
750	979	1
750	986	1
751	45	1
751	704	1
751	734	1
751	996	1
752	704	1
752	751	1
752	994	1
752	996	1
753	477	1
753	853	1
754	1254	1
754	782	1
754	801	1
755	439	1
755	502	1
755	699	1
758	757	1
758	758	1
760	847	1
761	847	1
762	1376	1
762	673	1
762	1990	1
762	1001	1
764	298	1
764	919	1
767	822	1
768	263	1
768	905	1
769	86	1
769	263	1
770	566	1
770	3040	1
770	3041	1
771	295	1
771	342	1
771	566	1
771	770	1
772	390	1
773	390	1
773	608	1
773	773	1
774	1236	1
774	441	1
774	1633	1
774	880	1
774	2118	1
775	564	1
775	847	1
775	857	1
777	12	1
777	364	1
777	799	1
778	47	1
778	293	1
778	396	1
778	397	1
778	447	1
778	872	1
779	2202	1
779	31	1
779	88	1
779	1279	1
779	179	1
779	1664	1
779	3028	1
779	1895	1
779	882	1
779	887	1
779	1006	1
780	471	1
783	0	1
784	0	1
784	290	1
784	540	1
785	847	1
786	814	1
788	847	1
789	406	1
789	738	1
790	488	1
791	542	1
793	29	1
793	792	1
793	793	1
796	263	1
796	769	1
797	86	1
797	262	1
797	297	1
797	471	1
799	390	1
800	447	1
800	763	1
802	62	1
802	297	1
802	390	1
802	471	1
802	566	1
802	668	1
802	673	1
802	754	1
802	801	1
802	905	1
802	1004	1
803	799	1
804	302	1
804	364	1
804	390	1
804	439	1
804	745	1
804	747	1
804	772	1
804	805	1
805	490	1
805	698	1
805	745	1
805	747	1
805	763	1
807	643	1
807	809	1
807	814	1
808	587	1
808	643	1
808	809	1
808	814	1
810	119	1
810	417	1
810	448	1
810	531	1
810	822	1
810	900	1
811	753	1
812	390	1
812	407	1
813	77	1
813	339	1
813	735	1
813	916	1
814	643	1
814	847	1
814	848	1
815	264	1
816	814	1
816	847	1
816	848	1
817	454	1
818	29	1
818	1708	1
818	793	1
820	9	1
820	398	1
821	329	1
821	2591	1
823	627	1
825	763	1
826	847	1
826	912	1
827	272	1
827	276	1
827	338	1
828	2202	1
828	34	1
828	37	1
828	79	1
828	278	1
828	1543	1
828	462	1
828	1667	1
828	609	1
828	3028	1
829	34	1
829	556	1
829	573	1
830	554	1
831	663	1
833	488	1
834	488	1
834	601	1
834	831	1
835	661	1
835	837	1
836	661	1
837	836	1
839	673	1
840	263	1
840	643	1
841	303	1
841	572	1
841	688	1
842	699	1
842	842	1
843	506	1
843	847	1
844	958	1
845	2183	1
845	32	1
845	685	1
848	846	1
850	846	1
852	661	1
852	908	1
853	1916	1
853	2050	1
854	160	1
854	854	1
857	863	1
858	663	1
858	781	1
859	29	1
859	792	1
859	793	1
860	654	1
861	2455	1
861	281	1
861	860	1
862	862	1
864	863	1
865	863	1
866	121	1
866	643	1
866	814	1
866	816	1
867	677	1
867	678	1
868	8	1
868	14	1
868	44	1
868	270	1
868	308	1
868	341	1
868	431	1
868	478	1
868	514	1
868	677	1
868	867	1
868	925	1
869	343	1
869	932	1
870	635	1
871	439	1
871	517	1
873	1168	1
874	753	1
874	3155	1
875	660	1
875	788	1
875	986	1
877	659	1
877	661	1
877	662	1
877	718	1
877	856	1
877	937	1
879	416	1
879	530	1
879	822	1
880	390	1
880	441	1
881	124	1
882	31	1
882	295	1
883	776	1
884	814	1
885	979	1
886	831	1
887	272	1
888	25	1
888	265	1
888	276	1
888	338	1
888	372	1
888	461	1
890	889	1
893	643	1
895	371	1
896	285	1
896	390	1
896	450	1
896	608	1
896	772	1
896	842	1
896	922	1
898	647	1
898	691	1
899	22	1
899	390	1
901	276	1
901	338	1
901	1004	1
902	276	1
902	338	1
902	901	1
904	698	1
905	266	1
906	390	1
906	699	1
907	146	1
907	493	1
907	731	1
908	661	1
910	364	1
910	390	1
910	745	1
910	747	1
911	302	1
911	364	1
911	745	1
911	747	1
911	772	1
911	804	1
913	96	1
914	392	1
914	2651	1
915	432	1
915	433	1
917	280	1
917	288	1
917	326	1
917	978	1
917	985	1
918	364	1
918	439	1
918	483	1
918	926	1
920	619	1
920	1004	1
920	1005	1
921	447	1
923	643	1
924	891	1
926	291	1
927	291	1
927	926	1
929	390	1
931	99	1
935	495	1
935	657	1
935	691	1
935	712	1
935	788	1
935	979	1
935	986	1
935	995	1
936	389	1
936	3020	1
937	936	1
938	940	1
938	941	1
939	71	1
939	506	1
939	930	1
939	938	1
939	940	1
943	986	1
944	61	1
944	943	1
945	11	1
945	204	1
946	2865	1
946	2031	1
947	24	1
947	378	1
948	329	1
948	661	1
949	5	1
949	63	1
949	97	1
950	487	1
950	488	1
950	611	1
951	477	1
952	24	1
952	99	1
952	164	1
952	423	1
952	518	1
952	552	1
952	588	1
954	0	1
955	488	1
955	612	1
955	613	1
956	275	1
956	522	1
956	714	1
956	748	1
956	999	1
956	1000	1
957	650	1
959	959	1
959	986	1
962	2	1
962	3151	1
963	2130	1
964	488	1
964	612	1
964	834	1
965	577	1
965	612	1
966	847	1
967	447	1
969	968	1
970	9	1
970	158	1
970	824	1
970	933	1
971	55	1
971	362	1
971	524	1
971	972	1
973	389	1
974	2339	1
974	947	1
975	410	1
975	564	1
976	2214	1
978	1549	1
978	591	1
979	495	1
979	631	1
979	659	1
979	731	1
979	743	1
980	631	1
980	659	1
980	847	1
980	848	1
980	979	1
980	986	1
982	348	1
982	981	1
983	847	1
983	848	1
984	847	1
984	848	1
985	848	1
986	659	1
986	660	1
987	28	1
987	275	1
987	422	1
987	522	1
987	699	1
987	714	1
987	748	1
987	999	1
988	631	1
990	980	1
990	989	1
990	994	1
992	876	1
993	3085	1
994	643	1
994	996	1
995	631	1
995	986	1
996	847	1
997	96	1
998	616	1
998	748	1
998	998	1
998	999	1
998	1000	1
999	184	1
999	522	1
999	616	1
999	699	1
999	714	1
999	748	1
1000	184	1
1000	275	1
1000	390	1
1000	522	1
1000	554	1
1000	616	1
1000	699	1
1000	714	1
1000	748	1
1000	998	1
1000	999	1
1000	1000	1
1002	141	1
1002	144	1
1002	418	1
1002	817	1
1003	416	1
1003	631	1
1003	659	1
1006	86	1
1006	460	1
1006	780	1
1007	296	1
1007	372	1
1007	501	1
1007	502	1
1007	655	1
1009	245	1
1009	320	1
1009	631	1
1009	659	1
1009	691	1
1009	729	1
1009	741	1
1010	39	1
1010	298	1
1010	488	1
1010	644	1
1010	886	1
1010	919	1
1013	1297	1
1013	1967	1
1014	1059	1
1014	1380	1
1014	1680	1
1014	1744	1
1019	79	1
1019	1312	1
1019	1354	1
1019	1743	1
1019	1938	1
1020	1496	1
1025	1414	1
1026	1957	1
1027	1905	1
1028	1048	1
1030	1941	1
1031	1645	1
1033	2014	1
1034	1011	1
1034	2007	1
1037	1042	1
1037	1615	1
1042	1037	1
1042	1615	1
1048	2063	1
1049	1049	1
1050	1942	1
1052	1787	1
1053	2135	1
1056	1056	1
1059	1014	1
1059	1380	1
1059	1733	1
1059	1744	1
1061	1374	1
1061	1460	1
1062	1374	1
1065	2027	1
1069	2137	1
1070	1500	1
1071	1731	1
1071	1985	1
1072	2156	1
1073	1387	1
1074	1379	1
1075	1073	1
1075	1220	1
1075	179	1
1075	471	1
1076	1040	1
1076	1599	1
1078	1040	1
1078	1076	1
1078	1371	1
1078	1599	1
1080	1406	1
1080	1657	1
1080	1731	1
1082	1716	1
1083	1083	1
1083	1373	1
1083	1912	1
1085	1728	1
1086	1479	1
1087	1577	1
1088	1500	1
1089	1297	1
1089	1347	1
1089	1500	1
1090	1392	1
1091	1972	1
1093	1065	1
1093	2027	1
1095	1864	1
1096	1878	1
1097	1886	1
1098	1661	1
1099	1767	1
1099	1768	1
1100	1029	1
1100	1634	1
1100	1695	1
1100	2105	1
1104	1459	1
1105	1606	1
1107	1038	1
1107	1090	1
1107	1769	1
1107	1776	1
1109	1029	1
1109	1401	1
1110	1564	1
1111	1920	1
1112	1952	1
1115	1383	1
1117	1154	1
1118	1101	1
1119	1119	1
1122	2742	1
1122	1690	1
1123	1060	1
1123	1864	1
1124	1460	1
1126	1857	1
1127	1047	1
1127	57	1
1128	1589	1
1128	1590	1
1129	1631	1
1129	862	1
1130	1822	1
1131	1646	1
1132	1106	1
1132	1860	1
1133	2046	1
1133	2169	1
1135	1154	1
1138	1043	1
1138	1634	1
1139	1145	1
1139	1716	1
1139	1842	1
1140	1460	1
1141	1081	1
1141	1866	1
1142	1730	1
1144	1416	1
1144	1481	1
1144	2105	1
1145	1716	1
1146	1389	1
1148	1390	1
1149	1589	1
1150	1507	1
1150	1912	1
1151	2049	1
1152	1373	1
1156	1975	1
1157	1492	1
1160	1160	1
1161	1056	1
1162	1381	1
1162	1517	1
1163	1500	1
1164	1795	1
1166	1908	1
1167	1523	1
1168	1050	1
1168	172	1
1168	1524	1
1169	1075	1
1169	1220	1
1169	1387	1
1169	471	1
1170	2166	1
1170	2169	1
1171	1066	1
1172	429	1
1172	1710	1
1173	2332	1
1173	2948	1
1173	2955	1
1173	1812	1
1174	1038	1
1174	1090	1
1174	1769	1
1174	1776	1
1176	1021	1
1176	1896	1
1177	1374	1
1177	349	1
1178	1178	1
1178	1870	1
1178	1944	1
1179	1407	1
1179	1996	1
1179	1997	1
1181	1637	1
1181	1638	1
1182	1541	1
1183	1202	1
1183	1841	1
1184	1464	1
1185	1530	1
1186	1806	1
1187	1114	1
1188	1619	1
1188	1918	1
1189	1080	1
1189	1583	1
1189	1657	1
1190	1078	1
1190	1613	1
1191	1230	1
1191	1727	1
1192	1730	1
1193	1857	1
1194	1680	1
1194	1731	1
1194	2135	1
1195	1080	1
1196	1083	1
1196	1180	1
1197	1005	1
1198	2278	1
1198	2494	1
1198	1678	1
1199	1220	1
1199	471	1
1200	1107	1
1200	1174	1
1201	2060	1
1203	30	1
1203	780	1
1203	2148	1
1205	1848	1
1207	1352	1
1207	1539	1
1208	1204	1
1209	1068	1
1210	1120	1
1210	1206	1
1210	1818	1
1211	2137	1
1212	1039	1
1212	1850	1
1212	1937	1
1212	862	1
1213	1155	1
1214	1158	1
1214	1708	1
1214	1994	1
1214	2004	1
1214	2006	1
1215	1542	1
1216	1413	1
1216	1421	1
1216	1519	1
1216	1675	1
1216	1848	1
1216	865	1
1217	1772	1
1218	1460	1
1221	1900	1
1222	1803	1
1224	1626	1
1224	1706	1
1224	2009	1
1225	1411	1
1226	1568	1
1227	1079	1
1228	1456	1
1229	1063	1
1229	1707	1
1231	1416	1
1231	769	1
1231	905	1
1231	2157	1
1232	297	1
1232	1456	1
1232	1457	1
1232	471	1
1233	1520	1
1234	1416	1
1234	769	1
1234	905	1
1235	1456	1
1235	1550	1
1235	1588	1
1235	1749	1
1235	2025	1
1236	1015	1
1236	1058	1
1236	1067	1
1236	1070	1
1236	1088	1
1236	1150	1
1236	1219	1
1236	1242	1
1236	1396	1
1236	1500	1
1236	441	1
1236	1687	1
1236	1860	1
1236	1891	1
1237	1653	1
1238	2031	1
1238	946	1
1239	30	1
1239	1788	1
1239	780	1
1240	1413	1
1240	1675	1
1240	865	1
1241	2795	1
1241	1989	1
1242	1860	1
1243	1461	1
1243	1648	1
1243	1706	1
1243	628	1
1244	1030	1
1244	1941	1
1244	2128	1
1245	1079	1
1245	2076	1
1246	1866	1
1247	218	1
1247	876	1
1248	1029	1
1248	1141	1
1248	1538	1
1248	1911	1
1249	184	1
1249	275	1
1249	1416	1
1249	522	1
1250	1125	1
1251	1067	1
1252	853	1
1252	2049	1
1253	1051	1
1253	57	1
1253	1253	1
1253	1636	1
1253	1890	1
1254	1050	1
1254	1057	1
1254	1524	1
1254	1787	1
1255	1255	1
1255	1528	1
1255	2139	1
1256	1120	1
1256	1206	1
1256	1818	1
1257	1159	1
1257	1852	1
1257	1880	1
1258	1706	1
1258	2006	1
1259	1820	1
1260	1693	1
1262	1150	1
1262	421	1
1262	1509	1
1262	1646	1
1263	1612	1
1264	1017	1
1265	1878	1
1266	1540	1
1266	1861	1
1267	37	1
1267	278	1
1267	1724	1
1268	1381	1
1268	1517	1
1269	1745	1
1270	1820	1
1271	1865	1
1272	1383	1
1272	1649	1
1273	1454	1
1273	769	1
1273	2053	1
1274	1044	1
1274	1892	1
1275	1622	1
1275	1924	1
1276	1918	1
1276	2098	1
1280	1574	1
1281	88	1
1281	1678	1
1281	1850	1
1281	1998	1
1281	1999	1
1281	887	1
1282	30	1
1282	31	1
1282	179	1
1282	1740	1
1282	646	1
1282	1766	1
1282	780	1
1283	2042	1
1284	1264	1
1284	1416	1
1284	1642	1
1285	1423	1
1285	1503	1
1285	1704	1
1285	1980	1
1285	2050	1
1286	1046	1
1286	1125	1
1286	2657	1
1286	1532	1
1286	1902	1
1287	1159	1
1287	1451	1
1287	1573	1
1288	1780	1
1288	1787	1
1289	1636	1
1289	2034	1
1290	1349	1
1294	1150	1
1294	1506	1
1295	1852	1
1295	2018	1
1296	1892	1
1298	1465	1
1298	1770	1
1298	1918	1
1299	2121	1
1300	1901	1
1300	2080	1
1301	1151	1
1301	695	1
1302	1046	1
1302	1125	1
1302	2657	1
1302	1532	1
1302	1902	1
1303	1519	1
1304	1473	1
1305	2081	1
1306	1418	1
1308	1918	1
1308	2049	1
1309	1037	1
1309	1040	1
1310	1483	1
1311	1990	1
1312	2593	1
1313	1395	1
1314	1406	1
1314	1584	1
1314	1657	1
1314	1731	1
1314	1735	1
1314	1736	1
1314	1737	1
1315	1625	1
1315	1810	1
1316	1406	1
1317	1094	1
1317	1108	1
1318	1637	1
1319	1522	1
1320	1646	1
1321	1562	1
1321	1646	1
1322	1226	1
1323	1522	1
1324	1683	1
1325	1683	1
1325	1839	1
1326	1543	1
1326	1662	1
1326	1667	1
1326	1796	1
1326	828	1
1327	1977	1
1328	2083	1
1329	1153	1
1329	1438	1
1329	1516	1
1330	1247	1
1331	1517	1
1332	1338	1
1332	2005	1
1332	2050	1
1332	2112	1
1333	2080	1
1334	1699	1
1334	1804	1
1335	1517	1
1336	1586	1
1336	1831	1
1336	1863	1
1336	1004	1
1336	1005	1
1337	370	1
1337	1870	1
1339	1106	1
1339	1273	1
1339	1560	1
1340	1852	1
1341	2008	1
1341	2056	1
1342	1153	1
1342	1438	1
1342	1516	1
1344	1291	1
1344	1382	1
1344	1889	1
1344	1926	1
1345	2068	1
1346	1484	1
1347	1500	1
1350	1985	1
1353	1348	1
1355	1368	1
1355	1414	1
1356	1638	1
1356	2083	1
1357	31	1
1357	471	1
1358	1386	1
1359	1406	1
1359	1657	1
1359	1731	1
1359	1735	1
1359	1736	1
1359	1737	1
1360	1175	1
1360	1905	1
1361	1446	1
1362	1661	1
1364	1406	1
1364	1731	1
1365	1014	1
1365	1059	1
1367	1406	1
1368	1414	1
1369	1160	1
1369	2083	1
1370	1406	1
1372	2088	1
1373	1373	1
1374	1460	1
1374	522	1
1375	1637	1
1375	1638	1
1377	1446	1
1378	1014	1
1378	1059	1
1378	1380	1
1378	1680	1
1378	1744	1
1380	1406	1
1383	471	1
1384	1386	1
1385	1175	1
1385	1385	1
1385	2174	1
1387	1220	1
1388	1437	1
1390	1083	1
1393	1896	1
1394	1537	1
1394	677	1
1394	2136	1
1395	1113	1
1398	1970	1
1398	1971	1
1398	2019	1
1399	1970	1
1400	1970	1
1400	1971	1
1400	2019	1
1401	1401	1
1402	2022	1
1403	1148	1
1404	1038	1
1404	1090	1
1404	1107	1
1404	1174	1
1404	1776	1
1404	1924	1
1407	1681	1
1408	429	1
1409	429	1
1409	1512	1
1409	1681	1
1409	1710	1
1409	1957	1
1410	1374	1
1411	1615	1
1412	1343	1
1414	1368	1
1415	1368	1
1415	1414	1
1417	1013	1
1417	1500	1
1417	1725	1
1420	705	1
1422	1134	1
1422	1542	1
1422	1655	1
1422	1916	1
1422	2006	1
1423	2050	1
1425	1107	1
1425	1174	1
1427	1013	1
1427	1545	1
1427	1725	1
1429	1428	1
1430	1862	1
1431	1416	1
1432	1203	1
1432	2151	1
1433	2151	1
1434	1436	1
1436	1435	1
1439	1015	1
1439	1083	1
1439	1444	1
1439	1478	1
1439	1891	1
1440	1015	1
1440	1083	1
1440	1439	1
1440	1444	1
1440	1478	1
1441	1101	1
1442	1047	1
1445	1405	1
1447	1446	1
1448	1446	1
1449	1352	1
1449	1978	1
1452	1618	1
1452	2002	1
1453	1045	1
1453	1470	1
1454	1273	1
1460	522	1
1461	1158	1
1461	628	1
1461	2004	1
1462	1379	1
1463	2052	1
1464	1460	1
1464	522	1
1465	1878	1
1467	1467	1
1467	1468	1
1469	2278	1
1469	2494	1
1469	1678	1
1471	1783	1
1472	1473	1
1476	1368	1
1476	1414	1
1476	1791	1
1478	441	1
1478	1528	1
1478	1690	1
1480	1086	1
1480	1479	1
1482	1482	1
1482	1674	1
1485	1036	1
1486	1759	1
1487	1031	1
1487	1794	1
1487	1930	1
1487	2003	1
1488	1031	1
1488	1645	1
1488	961	1
1489	31	1
1489	218	1
1489	1863	1
1489	876	1
1490	1096	1
1490	1709	1
1490	2052	1
1491	1035	1
1491	1054	1
1492	1492	1
1493	1312	1
1494	1136	1
1494	108	1
1494	201	1
1494	1577	1
1495	1733	1
1497	1497	1
1498	130	1
1498	2139	1
1499	1500	1
1502	1501	1
1502	1877	1
1504	1379	1
1505	1243	1
1506	1150	1
1508	1150	1
1508	1687	1
1509	615	1
1511	1168	1
1511	1707	1
1512	429	1
1512	1710	1
1513	284	1
1513	1710	1
1514	1230	1
1514	1241	1
1514	1727	1
1514	1979	1
1514	1989	1
1515	1068	1
1518	2282	1
1519	1518	1
1521	1046	1
1523	1779	1
1524	1018	1
1527	1024	1
1527	1077	1
1528	1690	1
1529	2654	1
1529	3021	1
1529	3305	1
1529	2169	1
1530	1578	1
1531	441	1
1531	2658	1
1531	1801	1
1532	1046	1
1532	2658	1
1532	1532	1
1534	1443	1
1535	1443	1
1536	1038	1
1536	57	1
1536	2119	1
1539	1352	1
1540	1222	1
1540	1541	1
1540	1799	1
1542	1423	1
1542	2050	1
1544	1168	1
1545	1013	1
1545	1725	1
1547	1546	1
1548	1193	1
1548	1966	1
1549	1017	1
1549	1549	1
1549	1624	1
1549	978	1
1550	1457	1
1551	1148	1
1552	1864	1
1553	1554	1
1554	1553	1
1554	1831	1
1555	1555	1
1555	1556	1
1558	1557	1
1559	1686	1
1561	1759	1
1563	1564	1
1565	1564	1
1566	1386	1
1567	1935	1
1569	1473	1
1569	1601	1
1570	1473	1
1571	1158	1
1571	2004	1
1571	2006	1
1572	1916	1
1575	1877	1
1576	1782	1
1576	1935	1
1579	1100	1
1579	2105	1
1581	1524	1
1582	1391	1
1582	1853	1
1583	1080	1
1583	1314	1
1583	1359	1
1583	1657	1
1583	1731	1
1583	1736	1
1584	1406	1
1584	1657	1
1584	1731	1
1584	1985	1
1585	1472	1
1586	1005	1
1587	34	1
1587	1197	1
1587	1586	1
1588	1128	1
1588	1456	1
1590	1463	1
1590	1589	1
1590	2052	1
1591	1380	1
1592	1594	1
1593	1592	1
1593	1594	1
1593	1692	1
1596	1595	1
1597	1004	1
1598	1597	1
1600	1078	1
1600	1599	1
1602	1448	1
1603	1878	1
1604	1120	1
1604	1206	1
1604	1606	1
1605	1379	1
1606	1120	1
1606	1206	1
1607	1896	1
1608	1090	1
1608	57	1
1608	1392	1
1609	1101	1
1609	1972	1
1610	1310	1
1611	2155	1
1612	1706	1
1613	1047	1
1613	1599	1
1614	1615	1
1616	1616	1
1616	1875	1
1617	1705	1
1617	1820	1
1622	1622	1
1623	1623	1
1623	1817	1
1624	1549	1
1624	1903	1
1627	1729	1
1628	1424	1
1628	1752	1
1628	1753	1
1628	1949	1
1629	1153	1
1629	1585	1
1633	378	1
1633	1851	1
1634	1634	1
1635	1753	1
1636	1038	1
1636	1047	1
1636	57	1
1637	1638	1
1637	2083	1
1638	1637	1
1639	1509	1
1639	1673	1
1641	1754	1
1642	554	1
1643	1972	1
1645	1031	1
1647	1556	1
1648	1186	1
1648	1461	1
1648	2050	1
1649	1383	1
1650	30	1
1650	179	1
1650	1383	1
1650	1649	1
1650	567	1
1650	646	1
1650	780	1
1651	1079	1
1651	1823	1
1651	3262	1
1654	1787	1
1656	1833	1
1657	1731	1
1657	1732	1
1658	1406	1
1658	1731	1
1659	1150	1
1659	1659	1
1661	1479	1
1661	1525	1
1661	1660	1
1663	1873	1
1663	1920	1
1664	780	1
1665	1034	1
1666	1034	1
1668	1273	1
1668	1560	1
1668	1860	1
1669	1820	1
1671	1670	1
1672	1390	1
1673	1102	1
1673	1959	1
1674	1121	1
1675	855	1
1676	1094	1
1676	1108	1
1678	21	1
1679	1037	1
1679	1040	1
1679	1042	1
1679	1047	1
1679	1411	1
1679	1475	1
1680	1731	1
1680	2135	1
1682	1038	1
1682	57	1
1682	1636	1
1684	1683	1
1684	1878	1
1685	1599	1
1687	1148	1
1687	1533	1
1688	1390	1
1689	1908	1
1690	1695	1
1697	1696	1
1698	1929	1
1698	3123	1
1699	1804	1
1700	1510	1
1701	326	1
1703	1702	1
1703	2049	1
1704	1045	1
1704	1470	1
1704	1705	1
1704	2080	1
1705	1045	1
1705	1470	1
1705	1916	1
1705	2080	1
1707	2210	1
1707	1063	1
1707	969	1
1710	429	1
1711	1223	1
1712	1223	1
1713	1223	1
1714	1273	1
1714	291	1
1714	2686	1
1714	616	1
1715	1406	1
1715	1408	1
1716	1716	1
1716	1717	1
1717	1716	1
1717	1717	1
1717	1729	1
1718	1068	1
1719	1644	1
1721	1254	1
1721	429	1
1721	1919	1
1721	993	1
1723	1100	1
1723	441	1
1723	1528	1
1723	2105	1
1724	37	1
1724	79	1
1724	218	1
1724	278	1
1724	1677	1
1724	876	1
1725	1297	1
1725	1967	1
1726	1374	1
1727	1366	1
1727	1797	1
1727	1816	1
1729	1728	1
1731	1406	1
1731	1731	1
1731	1732	1
1732	1406	1
1733	1406	1
1734	1985	1
1735	1657	1
1735	1731	1
1735	1736	1
1736	1406	1
1736	1657	1
1736	1731	1
1736	1735	1
1736	1737	1
1737	1406	1
1737	1657	1
1737	1731	1
1737	1735	1
1738	1493	1
1738	1842	1
1738	1843	1
1739	1918	1
1740	31	1
1740	1740	1
1741	12	1
1741	1740	1
1742	1079	1
1744	1071	1
1744	1733	1
1745	1409	1
1746	1496	1
1747	1135	1
1747	1630	1
1747	1720	1
1747	677	1
1747	678	1
1747	1984	1
1747	867	1
1747	1986	1
1747	2136	1
1748	1209	1
1748	1515	1
1750	1261	1
1751	2106	1
1757	1386	1
1758	1386	1
1759	1033	1
1759	1363	1
1759	1946	1
1759	2014	1
1761	184	1
1761	1460	1
1761	1464	1
1761	1526	1
1761	748	1
1763	1546	1
1765	1421	1
1766	1740	1
1767	1768	1
1769	1038	1
1769	57	1
1770	1420	1
1770	1771	1
1771	1770	1
1772	1626	1
1773	1614	1
1774	1781	1
1776	1047	1
1776	1775	1
1776	2034	1
1777	1793	1
1777	2048	1
1778	1778	1
1780	1787	1
1781	1460	1
1782	1935	1
1784	1756	1
1784	1786	1
1784	1927	1
1784	1928	1
1784	2022	1
1785	1756	1
1785	1927	1
1785	1928	1
1788	30	1
1788	1165	1
1788	780	1
1788	2066	1
1789	1787	1
1790	1847	1
1790	1915	1
1790	1927	1
1790	1928	1
1790	2022	1
1793	1794	1
1794	1792	1
1794	795	1
1800	2153	1
1801	1138	1
1801	441	1
1801	1632	1
1801	1633	1
1801	1851	1
1801	2168	1
1802	1376	1
1804	343	1
1805	1806	1
1805	2145	1
1807	1222	1
1807	2847	1
1807	1799	1
1808	1808	1
1810	1640	1
1810	1694	1
1811	1064	1
1811	1230	1
1811	1727	1
1811	1764	1
1811	1900	1
1811	795	1
1811	1918	1
1813	2263	1
1813	2955	1
1813	1812	1
1813	2957	1
1814	1528	1
1814	1690	1
1815	1691	1
1818	1120	1
1818	1206	1
1818	1256	1
1818	1560	1
1819	1994	1
1821	1226	1
1822	1406	1
1823	1079	1
1823	3262	1
1824	56	1
1824	1512	1
1825	1948	1
1826	1523	1
1828	1043	1
1828	1634	1
1828	1695	1
1828	2139	1
1829	1602	1
1829	3037	1
1830	1689	1
1833	1832	1
1834	1838	1
1835	1755	1
1836	1183	1
1836	1755	1
1836	1835	1
1836	1838	1
1837	1183	1
1837	1755	1
1837	1834	1
1837	1838	1
1840	1101	1
1841	1202	1
1842	1609	1
1844	1693	1
1845	1423	1
1845	2000	1
1845	2049	1
1846	2048	1
1846	2049	1
1849	1848	1
1849	3124	1
1850	1458	1
1850	862	1
1853	1918	1
1854	1292	1
1854	1760	1
1855	1920	1
1858	339	1
1858	1857	1
1859	1857	1
1864	1101	1
1866	1867	1
1867	2696	1
1868	1652	1
1868	1856	1
1871	1178	1
1872	1031	1
1872	1488	1
1873	1869	1
1873	1919	1
1874	1147	1
1874	1743	1
1875	1023	1
1876	768	1
1876	2081	1
1881	1343	1
1883	1646	1
1885	1131	1
1885	1646	1
1885	1883	1
1885	1884	1
1887	1717	1
1887	1888	1
1889	1382	1
1889	2916	1
1891	1046	1
1891	1125	1
1891	1690	1
1893	1043	1
1893	1116	1
1893	1351	1
1893	1634	1
1893	1894	1
1894	1893	1
1894	956	1
1895	646	1
1895	780	1
1897	1176	1
1897	2969	1
1899	422	1
1899	1898	1
1901	1922	1
1902	1046	1
1904	1372	1
1907	1022	1
1909	1477	1
1911	1762	1
1911	1910	1
1911	1924	1
1912	1083	1
1914	1914	1
1917	1918	1
1918	1940	1
1920	1919	1
1921	179	1
1921	1419	1
1921	1474	1
1921	553	1
1921	1664	1
1921	780	1
1921	1991	1
1921	2064	1
1921	2149	1
1921	2161	1
1923	1406	1
1926	2080	1
1927	1928	1
1927	2022	1
1930	1293	1
1931	1079	1
1932	1504	1
1933	1421	1
1933	1675	1
1933	865	1
1934	172	1
1934	1524	1
1936	1935	1
1937	1	1
1937	1129	1
1937	1850	1
1937	862	1
1939	1083	1
1941	1406	1
1943	1061	1
1944	1045	1
1944	1470	1
1944	1870	1
1944	1886	1
1945	1185	1
1945	1870	1
1945	1944	1
1946	1363	1
1946	1759	1
1947	1759	1
1948	1949	1
1949	1752	1
1949	1753	1
1950	1081	1
1950	1599	1
1951	553	1
1951	1850	1
1951	887	1
1952	1147	1
1952	1952	1
1953	1292	1
1953	1760	1
1954	1045	1
1954	1470	1
1954	2002	1
1954	2080	1
1955	1045	1
1955	1470	1
1955	2002	1
1956	1383	1
1958	1102	1
1958	354	1
1958	1673	1
1958	1959	1
1960	1151	1
1960	695	1
1961	1055	1
1961	1066	1
1962	1055	1
1962	1066	1
1963	1055	1
1963	1066	1
1964	1137	1
1964	1203	1
1964	1223	1
1964	1972	1
1964	2049	1
1964	2121	1
1965	1348	1
1965	1353	1
1965	1903	1
1966	1857	1
1967	1967	1
1968	862	1
1968	1972	1
1968	2160	1
1969	1129	1
1969	862	1
1969	905	1
1971	1970	1
1973	1975	1
1974	1809	1
1974	1977	1
1976	1279	1
1976	1357	1
1977	1637	1
1978	1979	1
1979	1374	1
1979	1460	1
1980	1045	1
1980	1143	1
1980	1423	1
1980	1470	1
1980	1542	1
1980	2050	1
1981	57	1
1981	2034	1
1982	1388	1
1982	1437	1
1983	1388	1
1984	677	1
1984	678	1
1985	1731	1
1985	1732	1
1986	8	1
1986	308	1
1987	1988	1
1988	1875	1
1991	30	1
1991	179	1
1991	1664	1
1991	1895	1
1991	780	1
1992	1691	1
1992	1815	1
1993	1691	1
1996	1997	1
1997	1995	1
1998	88	1
1998	1850	1
1998	887	1
1999	88	1
1999	1678	1
1999	1850	1
1999	1976	1
1999	887	1
2001	2049	1
2002	1045	1
2002	1470	1
2002	2003	1
2005	1461	1
2005	2006	1
2005	2110	1
2006	2050	1
2008	1435	1
2008	1530	1
2009	1092	1
2009	1626	1
2009	1772	1
2010	2010	1
2011	2010	1
2012	1479	1
2012	1879	1
2012	2010	1
2012	2011	1
2013	1638	1
2014	1033	1
2014	2015	1
2015	1033	1
2015	2014	1
2017	2016	1
2018	616	1
2020	1278	1
2022	1928	1
2022	2022	1
2023	1918	1
2024	1013	1
2024	1046	1
2024	1058	1
2024	1236	1
2024	1445	1
2024	1500	1
2024	1725	1
2024	1801	1
2024	2118	1
2025	2052	1
2026	1093	1
2026	1637	1
2026	1977	1
2028	1011	1
2028	2040	1
2029	1011	1
2029	2040	1
2031	1012	1
2031	1349	1
2032	1903	1
2032	1980	1
2032	2033	1
2032	2049	1
2032	2050	1
2033	1903	1
2033	1980	1
2033	2049	1
2033	2050	1
2035	1374	1
2036	1041	1
2036	1119	1
2036	1307	1
2036	1475	1
2037	1307	1
2037	3228	1
2038	2039	1
2041	1524	1
2043	1254	1
2043	1277	1
2043	1366	1
2043	1580	1
2044	2274	1
2044	1222	1
2044	2664	1
2044	1799	1
2045	1466	1
2047	2046	1
2048	1819	1
2048	1906	1
2048	2049	1
2049	2049	1
2050	2049	1
2051	1896	1
2054	2055	1
2054	2145	1
2056	2055	1
2057	1701	1
2058	1114	1
2059	1114	1
2061	1356	1
2062	2126	1
2064	1019	1
2064	30	1
2064	646	1
2064	780	1
2064	2091	1
2065	1474	1
2065	2064	1
2066	1165	1
2067	2067	1
2068	1722	1
2068	2069	1
2070	1406	1
2071	2098	1
2072	1455	1
2072	1709	1
2072	1827	1
2072	1878	1
2072	2052	1
2072	2054	1
2073	88	1
2073	1678	1
2074	1599	1
2075	1925	1
2075	2049	1
2078	1582	1
2078	1929	1
2079	1381	1
2079	1517	1
2079	2021	1
2081	266	1
2081	905	1
2082	31	1
2082	2082	1
2082	2083	1
2083	1160	1
2086	2087	1
2087	2085	1
2087	2089	1
2090	2030	1
2092	1772	1
2093	1015	1
2093	1083	1
2093	1397	1
2094	1918	1
2095	1918	1
2096	1168	1
2097	1230	1
2097	1727	1
2099	1223	1
2101	1882	1
2102	2100	1
2102	2101	1
2103	1103	1
2103	1143	1
2104	1114	1
2104	218	1
2104	876	1
2104	2084	1
2106	1168	1
2106	1751	1
2108	1798	1
2108	2107	1
2109	2006	1
2110	2006	1
2110	2109	1
2112	1193	1
2112	1966	1
2112	1980	1
2112	2006	1
2112	2050	1
2112	2110	1
2112	2111	1
2113	1121	1
2114	1918	1
2115	1068	1
2116	1310	1
2116	1483	1
2117	1032	1
2118	1150	1
2118	1242	1
2119	1426	1
2119	1450	1
2120	1268	1
2121	1051	1
2122	2175	1
2123	1770	1
2123	1771	1
2124	1349	1
2125	108	1
2125	201	1
2125	1494	1
2127	2126	1
2129	2130	1
2129	2131	1
2129	963	1
2132	1101	1
2133	1101	1
2134	405	1
2134	1511	1
2135	1406	1
2137	1621	1
2138	1016	1
2138	1620	1
2139	1043	1
2139	1116	1
2139	1481	1
2139	1634	1
2140	1371	1
2141	2135	1
2143	1913	1
2143	2142	1
2144	2142	1
2147	2137	1
2148	1918	1
2149	30	1
2149	1374	1
2149	646	1
2149	780	1
2149	1979	1
2149	1989	1
2150	646	1
2150	2148	1
2151	1203	1
2151	1918	1
2152	1812	1
2154	1833	1
2155	1611	1
2157	1416	1
2157	769	1
2158	1084	1
2159	1918	1
2160	1972	1
2161	553	1
2161	905	1
2161	2081	1
2162	2146	1
2163	2164	1
2165	1043	1
2165	1634	1
2166	2654	1
2166	3021	1
2166	3305	1
2166	2169	1
2167	1866	1
2168	1138	1
2168	441	1
2168	1632	1
2168	1851	1
2168	2168	1
2170	1101	1
2171	1101	1
2172	2171	1
2173	1175	1
2173	2174	1
2174	1175	1
2175	1918	1
2175	2049	1
2175	2077	1
2175	2159	1
2176	1689	1
2176	1908	1
2178	2590	1
2178	2736	1
2180	2935	1
2181	1012	1
2181	648	1
2181	2865	1
2182	2512	1
2191	2499	1
2191	2546	1
2193	2236	1
2193	1431	1
2194	2656	1
2195	2195	1
2198	2198	1
2198	2281	1
2199	2593	1
2200	2179	1
2201	2201	1
2202	31	1
2204	2265	1
2204	2762	1
2207	183	1
2208	3212	1
2209	2195	1
2210	3085	1
2212	2695	1
2213	2740	1
2214	3235	1
2215	2508	1
2216	3044	1
2219	3151	1
2220	2220	1
2221	471	1
2223	2264	1
2223	2491	1
2223	3171	1
2224	2558	1
2224	3022	1
2226	2811	1
2227	2844	1
2230	2345	1
2230	3269	1
2231	2231	1
2234	3051	1
2234	3052	1
2235	2235	1
2237	3273	1
2238	3016	1
2239	3114	1
2240	3190	1
2244	2213	1
2244	1634	1
2245	301	1
2246	2246	1
2246	3035	1
2247	3188	1
2247	3189	1
2249	2249	1
2249	2797	1
2251	2955	1
2251	3173	1
2253	2299	1
2253	2891	1
2254	2519	1
2255	2554	1
2256	2256	1
2257	1634	1
2257	3207	1
2259	2299	1
2259	354	1
2260	1420	1
2260	3124	1
2266	556	1
2266	2894	1
2267	2776	1
2268	2821	1
2269	2375	1
2269	3071	1
2270	3051	1
2271	2603	1
2271	2652	1
2272	2777	1
2272	3007	1
2273	2273	1
2275	2210	1
2275	1707	1
2275	3085	1
2276	2843	1
2277	3029	1
2278	905	1
2279	2750	1
2280	2536	1
2282	2646	1
2282	855	1
2283	3144	1
2284	2302	1
2285	2285	1
2285	2615	1
2286	2832	1
2287	3215	1
2289	2794	1
2290	3048	1
2291	2830	1
2292	279	1
2292	2969	1
2293	1543	1
2293	2774	1
2294	3193	1
2295	2832	1
2295	3161	1
2297	3254	1
2300	2892	1
2301	2917	1
2303	2189	1
2304	3030	1
2306	2184	1
2306	2261	1
2306	2306	1
2307	2831	1
2308	2934	1
2308	3270	1
2309	2538	1
2310	2245	1
2310	3125	1
2311	2288	1
2313	3157	1
2315	2768	1
2316	1004	1
2318	3291	1
2319	2877	1
2319	2878	1
2321	2630	1
2323	2832	1
2324	2243	1
2324	2324	1
2324	3175	1
2325	2594	1
2325	2595	1
2326	2211	1
2328	1667	1
2329	2329	1
2330	3280	1
2331	2996	1
2332	2955	1
2334	3167	1
2334	3290	1
2336	851	1
2336	3119	1
2337	2731	1
2337	3124	1
2339	378	1
2340	3164	1
2341	2226	1
2342	2528	1
2342	332	1
2343	3176	1
2346	3227	1
2349	2733	1
2349	3195	1
2351	3274	1
2354	2357	1
2354	2808	1
2355	2945	1
2356	2184	1
2356	2261	1
2356	2306	1
2358	2836	1
2359	2564	1
2361	460	1
2362	2898	1
2363	1789	1
2363	2927	1
2365	3285	1
2366	3189	1
2367	2517	1
2368	2368	1
2370	2835	1
2371	2422	1
2371	3140	1
2372	2372	1
2373	2693	1
2377	2502	1
2378	2684	1
2379	3286	1
2380	2628	1
2381	716	1
2381	3186	1
2382	2678	1
2382	795	1
2383	2816	1
2384	2872	1
2385	2686	1
2386	2786	1
2387	2753	1
2388	2388	1
2389	2941	1
2390	2245	1
2390	3125	1
2391	2219	1
2391	2489	1
2392	2781	1
2393	3209	1
2394	1743	1
2396	2678	1
2397	2394	1
2398	2225	1
2399	2976	1
2399	3303	1
2400	2340	1
2400	725	1
2400	876	1
2401	2320	1
2401	218	1
2401	876	1
2402	2553	1
2402	2784	1
2402	2785	1
2402	3031	1
2403	3172	1
2404	2960	1
2405	2553	1
2405	2785	1
2406	2316	1
2406	2406	1
2407	2579	1
2407	354	1
2408	2738	1
2409	2688	1
2410	3275	1
2411	2741	1
2412	2262	1
2413	3133	1
2414	3257	1
2415	3041	1
2415	960	1
2417	2971	1
2418	2364	1
2418	2753	1
2418	3012	1
2419	2930	1
2419	3043	1
2420	2374	1
2420	672	1
2420	1931	1
2421	2883	1
2423	2212	1
2424	2887	1
2425	2440	1
2427	2259	1
2428	3106	1
2428	3178	1
2429	874	1
2429	3155	1
2430	2430	1
2431	2523	1
2432	2784	1
2432	3031	1
2433	3218	1
2435	3240	1
2436	2436	1
2437	2420	1
2437	672	1
2437	3165	1
2437	3286	1
2438	2711	1
2438	2813	1
2438	3244	1
2439	2671	1
2441	2699	1
2441	3107	1
2441	855	1
2442	2259	1
2443	3240	1
2444	3167	1
2444	3168	1
2444	3290	1
2445	2706	1
2446	2525	1
2446	365	1
2447	441	1
2447	2657	1
2447	2658	1
2449	3075	1
2450	3276	1
2451	2910	1
2452	2981	1
2453	2912	1
2454	2983	1
2454	2984	1
2454	2985	1
2456	2344	1
2456	2552	1
2456	2624	1
2456	3228	1
2457	2317	1
2458	2829	1
2459	3154	1
2460	2202	1
2460	79	1
2460	1543	1
2460	1667	1
2460	3028	1
2460	828	1
2460	3153	1
2460	3162	1
2461	2790	1
2461	681	1
2463	373	1
2463	2669	1
2464	37	1
2464	278	1
2464	2858	1
2465	2438	1
2465	2711	1
2465	2813	1
2466	413	1
2466	2868	1
2468	3202	1
2468	3204	1
2469	2540	1
2470	2467	1
2470	1516	1
2471	2930	1
2472	2817	1
2473	2534	1
2474	2212	1
2475	2715	1
2476	2258	1
2476	2590	1
2476	2736	1
2477	3032	1
2477	3259	1
2478	2552	1
2479	2352	1
2480	3236	1
2481	2631	1
2482	285	1
2482	2943	1
2483	2245	1
2483	3125	1
2484	2906	1
2485	3125	1
2488	2192	1
2492	2931	1
2495	3294	1
2496	2496	1
2497	2931	1
2498	2695	1
2500	2333	1
2500	2500	1
2501	3036	1
2503	2955	1
2504	2197	1
2505	2694	1
2506	2302	1
2510	3051	1
2510	3052	1
2513	2221	1
2516	3108	1
2517	3108	1
2524	2804	1
2525	2810	1
2526	2732	1
2527	3002	1
2529	311	1
2529	2530	1
2530	311	1
2531	2711	1
2531	3020	1
2532	2711	1
2532	3020	1
2533	2531	1
2533	3020	1
2534	2535	1
2534	3125	1
2537	2537	1
2539	2185	1
2539	2812	1
2539	3042	1
2540	2232	1
2540	3033	1
2540	3202	1
2541	2902	1
2542	2541	1
2543	2996	1
2544	2996	1
2548	2348	1
2548	2598	1
2549	2981	1
2549	3138	1
2551	2551	1
2553	2784	1
2553	2785	1
2555	3110	1
2556	2361	1
2557	2521	1
2557	2726	1
2561	2319	1
2561	2877	1
2561	2878	1
2563	2448	1
2563	2562	1
2565	2353	1
2567	2222	1
2567	2566	1
2570	2571	1
2570	344	1
2574	2651	1
2576	2916	1
2577	2633	1
2578	2490	1
2578	2696	1
2579	2580	1
2579	354	1
2580	354	1
2581	2560	1
2583	2486	1
2583	352	1
2584	2585	1
2584	2586	1
2585	354	1
2585	2586	1
2585	781	1
2586	354	1
2586	2584	1
2586	2586	1
2587	2587	1
2588	2745	1
2589	2589	1
2594	2325	1
2594	2595	1
2595	2594	1
2596	2339	1
2596	378	1
2597	2229	1
2599	2514	1
2599	2979	1
2601	2642	1
2602	2603	1
2602	2704	1
2605	2322	1
2605	2613	1
2606	2607	1
2607	2606	1
2608	2607	1
2609	2534	1
2610	2759	1
2610	2823	1
2612	2611	1
2614	2616	1
2615	2615	1
2616	2285	1
2616	2615	1
2617	2614	1
2617	2616	1
2617	2618	1
2618	2616	1
2618	2619	1
2619	2614	1
2620	2621	1
2624	2344	1
2624	3228	1
2624	3293	1
2626	2625	1
2629	2416	1
2629	2721	1
2629	3262	1
2632	2207	1
2634	2189	1
2635	2636	1
2637	3064	1
2638	2320	1
2638	218	1
2638	2509	1
2638	2919	1
2638	876	1
2639	2640	1
2639	782	1
2640	782	1
2641	3043	1
2642	2601	1
2645	2643	1
2645	2644	1
2646	3124	1
2647	2702	1
2647	3085	1
2648	2648	1
2649	2509	1
2653	2713	1
2653	3256	1
2654	3305	1
2657	2658	1
2658	2657	1
2658	2658	1
2659	2937	1
2660	2650	1
2661	2661	1
2662	2582	1
2664	2663	1
2665	2221	1
2665	31	1
2665	2242	1
2665	441	1
2665	2745	1
2665	738	1
2665	3080	1
2666	2187	1
2667	2711	1
2667	3244	1
2669	2668	1
2669	905	1
2670	2668	1
2670	905	1
2672	2584	1
2673	3141	1
2674	2674	1
2675	2206	1
2675	3099	1
2676	2778	1
2677	2183	1
2677	79	1
2679	2679	1
2680	2680	1
2681	2709	1
2682	2378	1
2682	2682	1
2682	2684	1
2683	2378	1
2683	2682	1
2683	2684	1
2685	3297	1
2686	769	1
2686	905	1
2687	2688	1
2687	2689	1
2689	2688	1
2690	2655	1
2691	2241	1
2692	2923	1
2697	2591	1
2698	2233	1
2698	2591	1
2699	1420	1
2699	3107	1
2699	855	1
2701	3278	1
2703	3286	1
2707	2739	1
2707	2982	1
2712	3089	1
2717	2716	1
2718	2719	1
2721	3286	1
2722	2723	1
2724	2778	1
2725	2725	1
2728	553	1
2728	887	1
2728	891	1
2728	3174	1
2728	905	1
2729	2569	1
2730	2987	1
2734	2809	1
2735	3047	1
2737	2258	1
2738	1528	1
2743	3298	1
2744	2259	1
2744	2724	1
2744	2833	1
2744	3078	1
2746	2248	1
2746	2733	1
2746	3195	1
2748	2747	1
2751	2856	1
2753	1708	1
2755	2754	1
2756	2426	1
2756	851	1
2756	3119	1
2757	2568	1
2760	2955	1
2761	2710	1
2763	2296	1
2765	441	1
2765	1528	1
2765	2995	1
2766	2604	1
2767	2434	1
2767	806	1
2767	3272	1
2769	3142	1
2770	2580	1
2770	354	1
2771	3277	1
2772	3239	1
2773	41	1
2774	31	1
2774	1357	1
2775	2776	1
2779	2224	1
2780	2224	1
2780	2558	1
2780	3022	1
2782	2782	1
2783	2773	1
2787	2788	1
2789	2946	1
2791	553	1
2791	3208	1
2792	1227	1
2792	2623	1
2793	2350	1
2795	2794	1
2799	339	1
2800	2801	1
2803	2803	1
2805	2805	1
2807	2805	1
2807	2806	1
2809	2603	1
2812	31	1
2812	471	1
2813	2711	1
2815	2814	1
2819	2818	1
2822	2822	1
2822	2928	1
2824	2977	1
2825	2708	1
2826	1906	1
2826	3123	1
2834	2963	1
2838	2837	1
2839	2360	1
2839	2840	1
2840	2839	1
2840	3107	1
2842	2841	1
2845	2214	1
2845	3235	1
2846	2518	1
2848	2847	1
2849	2847	1
2850	2455	1
2851	2455	1
2852	2853	1
2853	2852	1
2854	2493	1
2855	2207	1
2856	1354	1
2857	2790	1
2859	2622	1
2860	2347	1
2860	1005	1
2861	2501	1
2862	2932	1
2864	2705	1
2864	2863	1
2864	3185	1
2864	3286	1
2865	648	1
2867	2929	1
2867	3019	1
2868	413	1
2869	2936	1
2869	3170	1
2870	2780	1
2871	2256	1
2873	1580	1
2873	2827	1
2876	2947	1
2879	3297	1
2880	2742	1
2882	2837	1
2883	3240	1
2884	2884	1
2885	2885	1
2886	2887	1
2888	2886	1
2889	2752	1
2889	2820	1
2893	2547	1
2895	2897	1
2897	2896	1
2899	2205	1
2900	2205	1
2903	2177	1
2904	2250	1
2905	2305	1
2907	2350	1
2908	2462	1
2909	3043	1
2911	2203	1
2913	2727	1
2914	2875	1
2915	2942	1
2918	2890	1
2920	2920	1
2922	2921	1
2924	2923	1
2925	2925	1
2932	2862	1
2933	2829	1
2938	2937	1
2939	2714	1
2944	2541	1
2948	2955	1
2949	1152	1
2949	2949	1
2950	2953	1
2950	2956	1
2951	2263	1
2952	2955	1
2954	2955	1
2956	2953	1
2958	2955	1
2959	2263	1
2959	2957	1
2960	2404	1
2961	716	1
2961	3186	1
2962	2962	1
2964	3143	1
2965	2376	1
2965	2573	1
2966	2967	1
2968	3225	1
2969	279	1
2970	1528	1
2970	3210	1
2972	2874	1
2972	3220	1
2973	2973	1
2977	2824	1
2978	2978	1
2980	2930	1
2980	3043	1
2984	2983	1
2984	2985	1
2985	676	1
2986	2983	1
2986	2985	1
2988	2989	1
2990	2990	1
2991	2991	1
2992	2235	1
2994	2651	1
2995	1851	1
2997	2996	1
2999	2796	1
3000	3265	1
3003	3003	1
3004	2550	1
3005	279	1
3005	2550	1
3005	3006	1
3006	279	1
3008	1397	1
3009	1851	1
3009	3008	1
3011	3010	1
3013	2351	1
3013	1858	1
3013	821	1
3013	3274	1
3014	373	1
3014	3169	1
3015	297	1
3015	373	1
3015	471	1
3015	2720	1
3015	3014	1
3015	3169	1
3017	3016	1
3018	2627	1
3021	2257	1
3022	2558	1
3023	2298	1
3024	2520	1
3025	2199	1
3026	3027	1
3028	31	1
3028	1667	1
3029	2277	1
3029	3029	1
3030	3030	1
3031	2784	1
3033	2232	1
3033	2540	1
3033	3057	1
3033	3202	1
3034	2246	1
3034	3035	1
3037	2217	1
3038	3045	1
3040	2278	1
3040	2494	1
3040	905	1
3041	905	1
3044	2105	1
3046	2878	1
3048	2894	1
3049	3050	1
3052	3051	1
3053	3052	1
3054	3051	1
3055	3056	1
3059	2338	1
3060	3061	1
3062	3061	1
3063	2758	1
3065	3067	1
3066	3065	1
3066	3067	1
3069	3068	1
3070	2369	1
3071	3072	1
3073	3039	1
3074	2243	1
3074	2324	1
3074	2507	1
3074	3175	1
3076	2940	1
3077	2974	1
3079	3080	1
3081	3084	1
3082	3081	1
3082	3084	1
3084	3083	1
3085	993	1
3086	3086	1
3088	2777	1
3091	3091	1
3092	2802	1
3093	2599	1
3093	897	1
3094	2784	1
3096	3095	1
3097	3095	1
3097	3096	1
3098	3099	1
3099	2206	1
3101	3100	1
3101	3102	1
3104	3103	1
3105	2874	1
3105	3220	1
3107	1420	1
3107	855	1
3109	2600	1
3109	2998	1
3109	3087	1
3111	3043	1
3112	2805	1
3113	2805	1
3115	2221	1
3115	2745	1
3116	3190	1
3117	183	1
3117	2641	1
3117	3043	1
3118	2975	1
3120	2559	1
3122	3121	1
3123	1906	1
3124	855	1
3126	3126	1
3127	2274	1
3128	2799	1
3129	2809	1
3130	291	1
3130	3131	1
3131	2863	1
3132	2212	1
3133	2515	1
3133	3134	1
3135	2881	1
3137	3136	1
3139	2186	1
3144	2696	1
3145	2190	1
3146	3147	1
3146	3148	1
3146	3149	1
3146	3150	1
3146	3151	1
3148	2312	1
3149	2312	1
3149	3147	1
3149	3150	1
3150	3146	1
3150	3147	1
3150	3149	1
3152	3152	1
3153	2328	1
3153	1667	1
3156	2183	1
3156	460	1
3158	2233	1
3158	339	1
3159	460	1
3159	3156	1
3160	2832	1
3161	2832	1
3162	2202	1
3162	79	1
3162	609	1
3162	3028	1
3163	2575	1
3166	2593	1
3167	3290	1
3168	3167	1
3168	3290	1
3173	2955	1
3178	3177	1
3179	3179	1
3180	2501	1
3181	2395	1
3181	2866	1
3182	3095	1
3182	3096	1
3184	3183	1
3185	2487	1
3187	2593	1
3189	3188	1
3191	266	1
3191	2669	1
3191	905	1
3192	2572	1
3194	2218	1
3195	2733	1
3196	3090	1
3197	3197	1
3199	3198	1
3199	3199	1
3200	2335	1
3200	2832	1
3201	2878	1
3201	3046	1
3203	2232	1
3203	2322	1
3203	3202	1
3205	615	1
3205	3234	1
3206	2511	1
3207	3207	1
3209	577	1
3211	3213	1
3213	2375	1
3213	3212	1
3214	2375	1
3216	2375	1
3216	3212	1
3217	2574	1
3217	615	1
3219	2828	1
3221	2327	1
3222	3240	1
3222	3281	1
3223	2522	1
3224	2764	1
3227	3226	1
3228	3228	1
3230	3229	1
3231	2700	1
3231	3058	1
3233	2996	1
3233	3232	1
3236	616	1
3238	3237	1
3242	3241	1
3243	2798	1
3244	2711	1
3245	3246	1
3247	2335	1
3248	3289	1
3249	2926	1
3251	3250	1
3252	184	1
3252	3253	1
3255	2361	1
3255	2556	1
3255	1521	1
3258	2213	1
3261	3260	1
3263	3260	1
3263	3261	1
3264	2749	1
3266	3267	1
3266	3268	1
3270	2934	1
3271	2934	1
3274	2545	1
3274	1858	1
3274	1859	1
3274	3103	1
3278	2878	1
3279	2196	1
3279	55	1
3279	2901	1
3279	972	1
3282	2314	1
3284	3283	1
3285	2365	1
3287	3288	1
3291	56	1
3292	3292	1
3295	3146	1
3296	2592	1
3296	853	1
3299	2228	1
3300	2188	1
3301	2509	1
3302	3306	1
3303	218	1
3303	2976	1
3303	876	1
3304	3172	1
3307	3001	1
3309	3308	1
3310	2252	1
3311	2993	1
